[
[1410287400000,23.163749999999997],
[1411144200000,21.234291666666653],
[1412174700000,19.820499999999992],
[1413205200000,19.714750000000016],
[1413999900000,19.368583333333333],
[1415030400000,15.025458333333331],
[1415887200000,14.21783333333334],
[1417009500000,13.464458333333333],
[1417808700000,12.855624999999991],
[1418838300000,10.454583333333334],
[1420213500000,10.149708333333345],
[1421243100000,8.933625],
[1422042300000,9.57658333333333],
[1423071900000,9.22150000000001],
[1424286000000,9.483625000000005],
[1425320100000,9.51754166666666],
[1426176900000,9.124916666666667],
[1426884300000,8.742610837438429],
]