[
[1199370600000,19.0335],
[1199464200000,18.700499999999998],
[1199730600000,18.792249999999996],
[1199826000000,19.020749999999996],
[1199976300000,18.760500000000004],
[1200069900000,19.35775],
[1200336300000,19.03675],
[1200431700000,18.499499999999998],
[1200581100000,17.760250000000003],
[1200674700000,17.4425],
[1200942000000,16.839749999999995],
[1201093200000,16.819250000000004],
[1201186800000,16.680500000000002],
[1201542300000,17.904749999999996],
[1201635900000,17.80425],
[1201787100000,17.61425],
[1201880700000,17.284],
[1202331600000,16.423749999999995],
[1202481000000,16.0535],
[1202747400000,16.220249999999997],
[1202841000000,16.987250000000003],
[1202936400000,17.812999999999995],
[1203085800000,17.88725],
[1203355800000,17.779],
[1203449400000,18.258250000000004],
[1203544800000,18.072749999999992],
[1203694200000,18.277749999999997],
[1203960600000,18.304500000000004],
[1204054200000,18.71950000000001],
[1204149600000,19.530250000000002],
[1204299000000,19.424500000000002],
[1204565400000,18.796000000000006],
[1204659000000,18.746499999999997],
[1204755300000,18.940000000000005],
[1204904700000,18.860500000000002],
[1205167500000,18.229249999999997],
[1205259300000,18.19175],
[1205351100000,18.64825],
[1205444700000,18.212249999999997],
[1205764200000,18.127249999999993],
[1205856000000,17.602750000000004],
[1205948700000,17.818999999999996],
[1206040500000,17.277500000000003],
[1206451800000,17.471750000000007],
[1206545400000,17.825499999999995],
[1206637200000,17.600999999999996],
[1206729000000,17.282],
[1206993600000,17.247749999999996],
[1207142100000,17.948749999999997],
[1207233900000,18.1715],
[1207325700000,18.106250000000003],
[1207590300000,18.199249999999996],
[1207682100000,18.41724999999999],
[1207775700000,18.198000000000008],
[1207923300000,17.980499999999996],
[1208189700000,17.609250000000003],
[1208281500000,17.5165],
[1208375100000,18.01],
[1208523600000,18.8635],
[1208884500000,19.3875],
[1208978100000,19.087750000000003],
[1209132900000,19.032],
[1209397500000,19.211499999999994],
[1209490200000,19.503249999999998],
[1209582000000,19.288499999999996],
[1209997800000,21.558749999999993],
[1210089600000,21.557249999999993],
[1210181400000,20.858749999999993],
[1210272300000,20.6205],
[1210365900000,20.46525],
[1210684500000,20.582499999999996],
[1210776300000,20.282999999999994],
[1210868100000,20.199249999999996],
[1210959900000,20.62825],
[1211224500000,20.819999999999997],
[1211318100000,20.766499999999997],
[1211554800000,20.329749999999997],
[1211823900000,20.105999999999995],
[1211915700000,20.25125],
[1212009300000,21.100749999999998],
[1212155100000,21.314999999999998],
[1212419700000,21.756999999999994],
[1212513300000,21.130999999999993],
[1212605100000,20.5975],
[1212705900000,20.773999999999997],
[1213020900000,20.58575],
[1213112700000,19.984249999999996],
[1213204500000,19.29625],
[1213296300000,19.390249999999995],
[1213621200000,19.725749999999998],
[1213713000000,19.81825],
[1213805700000,20.234],
[1213897500000,19.614500000000003],
[1213991100000,19.276],
[1214257500000,18.7605],
[1214403300000,18.441499999999998],
[1214495100000,18.590499999999995],
[1214586900000,17.862999999999996],
[1214851500000,17.82475],
[1214945100000,17.65175],
[1215090900000,17.65],
[1215182700000,17.32475],
[1215448200000,17.1255],
[1215540000000,16.936999999999998],
[1215724500000,17.252499999999998],
[1216044000000,17.197750000000003],
[1216135800000,16.9745],
[1216228500000,17.048749999999995],
[1216320300000,18.23225],
[1216415700000,18.681999999999995],
[1216735200000,18.623250000000002],
[1216827000000,18.700250000000004],
[1216919700000,18.611750000000004],
[1217011500000,17.8505],
[1217277900000,17.61375],
[1217425500000,17.59475000000001],
[1217517300000,18.202499999999997],
[1217609100000,18.158749999999994],
[1217873700000,17.746250000000003],
[1217965500000,17.792999999999992],
[1218059100000,18.367250000000002],
[1218204900000,18.218249999999998],
[1218471300000,18.056749999999994],
[1218563100000,17.667499999999997],
[1218655800000,17.326499999999996],
[1218806100000,17.3885],
[1219072500000,17.16425],
[1219164300000,16.71975],
[1219257000000,16.869249999999997],
[1219348800000,17.085249999999995],
[1219670100000,17.253499999999995],
[1219761900000,16.839000000000006],
[1219853700000,16.611250000000005],
[1219946400000,17.052249999999997],
[1220040000000,17.14075],
[1220361300000,16.818500000000004],
[1220453100000,17.059000000000005],
[1220544900000,16.966749999999998],
[1220637600000,16.523500000000002],
[1220908500000,17.017750000000003],
[1221054300000,16.7055],
[1221146100000,16.510500000000004],
[1221237900000,16.740750000000002],
[1221502500000,16.4955],
[1221594300000,15.733749999999995],
[1221687900000,15.407500000000004],
[1221834600000,16.052750000000007],
[1222099200000,17.3685],
[1222191900000,16.847000000000005],
[1222284600000,16.598999999999997],
[1222379100000,16.84575],
[1222698600000,16.677500000000002],
[1222791300000,15.988000000000003],
[1222883100000,17.037499999999994],
[1222974900000,16.945],
[1223069400000,16.216249999999995],
[1223392500000,14.101750000000006],
[1223486100000,14.223000000000003],
[1223577900000,14.114249999999998],
[1223905500000,12.70175],
[1223997300000,15.078749999999996],
[1224089100000,15.577749999999995],
[1224182700000,13.653499999999998],
[1224276300000,13.349999999999998],
[1224596700000,13.295750000000002],
[1224690300000,13.192250000000001],
[1224785700000,11.55875],
[1224881100000,9.9355],
[1225203300000,9.867499999999998],
[1225296900000,10.580499999999999],
[1225390500000,12.187249999999997],
[1225719000000,12.98675],
[1225812600000,15.11225],
[1225906200000,15.443750000000003],
[1225999800000,13.72775],
[1226323800000,13.904000000000002],
[1226417400000,14.2955],
[1226511000000,13.793000000000001],
[1226604600000,13.72475],
[1226931300000,14.260499999999999],
[1227024900000,13.937999999999999],
[1227118500000,13.145000000000001],
[1227534300000,11.8205],
[1227627900000,12.912],
[1227721500000,13.814499999999999],
[1227815100000,14.664750000000003],
[1228139100000,14.67475],
[1228232700000,14.130999999999997],
[1228326300000,14.641750000000002],
[1228419900000,14.940000000000003],
[1228743900000,14.827750000000005],
[1228837500000,16.200249999999997],
[1228939200000,16.393250000000002],
[1229090400000,16.216249999999995],
[1229356800000,16.136999999999997],
[1229450400000,15.860249999999999],
[1229544000000,16.38175],
[1229695200000,16.58875],
[1229961600000,16.014750000000003],
[1230055200000,15.216249999999997],
[1230557400000,14.373499999999998],
[1230651000000,14.373750000000001],
[1230667200000,14.673333333333337],
]