[
[1199286000000,17.997],
[1199295000000,19.622999999999998],
[1199304000000,19.276000000000003],
[1199370600000,19.238],
[1199379600000,18.82],
[1199388600000,18.775],
[1199455200000,18.758000000000003],
[1199464200000,18.448999999999998],
[1199473200000,18.558999999999997],
[1199712600000,18.840000000000003],
[1199721600000,18.782000000000004],
[1199730600000,18.988000000000003],
[1199797200000,18.881],
[1199806200000,19.214000000000002],
[1199815200000,19.040999999999997],
[1199826000000,18.947],
[1199890800000,18.767],
[1199899800000,18.603],
[1199908800000,18.6],
[1199976300000,19.072000000000003],
[1199985300000,19.333000000000002],
[1199994300000,19.372999999999998],
[1200060900000,19.321999999999996],
[1200069900000,19.403000000000002],
[1200078900000,19.226],
[1200318300000,18.976],
[1200327300000,19.072000000000003],
[1200336300000,18.873],
[1200402900000,18.868000000000002],
[1200411900000,18.519000000000002],
[1200420900000,18.407],
[1200431700000,18.204],
[1200496500000,17.845999999999997],
[1200505500000,17.688],
[1200516300000,17.639999999999997],
[1200581100000,17.866999999999997],
[1200590100000,17.501],
[1200599100000,17.509],
[1200665700000,17.538999999999998],
[1200674700000,17.220999999999997],
[1200683700000,17.167],
[1200924000000,16.907],
[1200933000000,16.622999999999998],
[1200942000000,16.662],
[1201008600000,16.788],
[1201017600000,16.855],
[1201026600000,16.87],
[1201093200000,16.764],
[1201102200000,16.391],
[1201111200000,16.363999999999997],
[1201122000000,16.606],
[1201186800000,17.361],
[1201195800000,18.166000000000004],
[1201204800000,17.987000000000002],
[1201533300000,17.668],
[1201542300000,17.797999999999995],
[1201553100000,17.791999999999998],
[1201617900000,17.928],
[1201626900000,17.665],
[1201635900000,17.832],
[1201702500000,17.851],
[1201711500000,17.561],
[1201720500000,17.457],
[1201787100000,17.588],
[1201796100000,17.267],
[1201805100000,17.476000000000003],
[1201871700000,17.461000000000002],
[1201880700000,16.932],
[1201889700000,16.862000000000002],
[1202311800000,16.59],
[1202320800000,16.1],
[1202331600000,16.143],
[1202396400000,15.992],
[1202405400000,15.841999999999999],
[1202414400000,16.189],
[1202481000000,16.191],
[1202490000000,16.159],
[1202499000000,16.107],
[1202738400000,16.215],
[1202747400000,16.4],
[1202756400000,16.602],
[1202823000000,16.592],
[1202832000000,17.344],
[1202841000000,17.410999999999998],
[1202907600000,17.365000000000002],
[1202916600000,17.834],
[1202925600000,17.898],
[1202936400000,18.155],
[1203001200000,18.324999999999996],
[1203010200000,18.003],
[1203019200000,17.717],
[1203085800000,17.504000000000005],
[1203094800000,17.397000000000002],
[1203103800000,17.659],
[1203346800000,17.964000000000002],
[1203355800000,18.095999999999997],
[1203364800000,18.29],
[1203431400000,18.376000000000005],
[1203440400000,18.206000000000003],
[1203449400000,18.161],
[1203516000000,17.924],
[1203525000000,17.985000000000003],
[1203534000000,18.168000000000003],
[1203544800000,18.214],
[1203609600000,18.282999999999998],
[1203618600000,18.279],
[1203627600000,18.302],
[1203694200000,18.247],
[1203703200000,18.044999999999998],
[1203712200000,18.327],
[1203951600000,18.455000000000002],
[1203960600000,18.391],
[1203969600000,18.481],
[1204036200000,18.646],
[1204045200000,18.714999999999996],
[1204054200000,19.035999999999998],
[1204120800000,19.18],
[1204129800000,19.517000000000003],
[1204138800000,19.761],
[1204149600000,19.663],
[1204214400000,19.509],
[1204223400000,19.622999999999998],
[1204232400000,19.472],
[1204299000000,19.094],
[1204308000000,18.890000000000004],
[1204317000000,18.905],
[1204556400000,18.618000000000002],
[1204565400000,18.770999999999997],
[1204574400000,18.979999999999997],
[1204641000000,18.966],
[1204650000000,18.649],
[1204659000000,18.391000000000002],
[1204725600000,18.562],
[1204734600000,18.922],
[1204743600000,19.032000000000004],
[1204755300000,19.244],
[1204820100000,19.097],
[1204829100000,18.972],
[1204839900000,18.851999999999997],
[1204904700000,18.521],
[1204913700000,18.35],
[1204922700000,18.259000000000004],
[1205158500000,18.213],
[1205167500000,18.095000000000002],
[1205176500000,18.020000000000003],
[1205241300000,18.093],
[1205250300000,18.360999999999997],
[1205259300000,18.293],
[1205270100000,18.605],
[1205333100000,18.776],
[1205342100000,18.799],
[1205351100000,18.413],
[1205415900000,18.029],
[1205424900000,18.061],
[1205433900000,18.285],
[1205444700000,18.473999999999997],
[1205507700000,18.319],
[1205516700000,18.162000000000003],
[1205527500000,18.111],
[1205764200000,17.917],
[1205773200000,17.572000000000003],
[1205782200000,17.454],
[1205847000000,17.573],
[1205856000000,17.812],
[1205865000000,17.812999999999995],
[1205876700000,17.932000000000006],
[1205939700000,17.938],
[1205948700000,17.593000000000004],
[1205959500000,17.374000000000002],
[1206022500000,17.256],
[1206031500000,17.218],
[1206040500000,17.262],
[1206369000000,17.519],
[1206378000000,17.512999999999998],
[1206387000000,17.542],
[1206451800000,17.313],
[1206460800000,17.744999999999997],
[1206469800000,17.917],
[1206536400000,17.958000000000002],
[1206545400000,17.682],
[1206554400000,17.535],
[1206565200000,17.615000000000002],
[1206628200000,17.715],
[1206637200000,17.538999999999998],
[1206646200000,17.47],
[1206711000000,17.376],
[1206720000000,17.209],
[1206729000000,17.073],
[1206739800000,17.097],
[1206975600000,17.154],
[1206984600000,17.326],
[1206993600000,17.414],
[1207059300000,17.693],
[1207068300000,17.965],
[1207077300000,18.052000000000003],
[1207142100000,18.085],
[1207151100000,18.356],
[1207160100000,18.283],
[1207170900000,18.058],
[1207233900000,17.989],
[1207242900000,18.117],
[1207251900000,18.18],
[1207316700000,18.128],
[1207325700000,18],
[1207334700000,18.053],
[1207345500000,18.006999999999998],
[1207581300000,18.275],
[1207590300000,18.461999999999996],
[1207601100000,18.360999999999997],
[1207664100000,18.236],
[1207673100000,18.517000000000003],
[1207682100000,18.555],
[1207746900000,18.508000000000003],
[1207755900000,18.205000000000002],
[1207764900000,18.028],
[1207775700000,18.051],
[1207838700000,17.966],
[1207847700000,18.079],
[1207856700000,18.006999999999998],
[1207923300000,17.869999999999997],
[1207932300000,17.67],
[1207941300000,17.642000000000003],
[1208180700000,17.658000000000005],
[1208189700000,17.467],
[1208198700000,17.442],
[1208209500000,17.473],
[1208272500000,17.583999999999996],
[1208281500000,17.566999999999997],
[1208292300000,17.552999999999997],
[1208357100000,17.877000000000002],
[1208366100000,18.223],
[1208375100000,18.387],
[1208440800000,18.53],
[1208449800000,18.85],
[1208458800000,19.003999999999998],
[1208523600000,19.07],
[1208532600000,19.44],
[1208541600000,19.509999999999998],
[1208870100000,19.378999999999998],
[1208884500000,19.220999999999997],
[1208893500000,19.195],
[1208960100000,19.115000000000002],
[1208969100000,19.074],
[1208978100000,18.967000000000002],
[1209043800000,18.961000000000002],
[1209058200000,19.001],
[1209067200000,19.021],
[1209132900000,19.145],
[1209141900000,19.009999999999998],
[1209150900000,19.104999999999997],
[1209388500000,19.238],
[1209397500000,19.493000000000002],
[1209406500000,19.734],
[1209418200000,19.665],
[1209481200000,19.415],
[1209490200000,19.199000000000005],
[1209499200000,19.161],
[1209564000000,19.187],
[1209573000000,19.31],
[1209582000000,19.496000000000002],
[1209737700000,21.740999999999996],
[1209746700000,21.526000000000003],
[1209755700000,21.373],
[1209997800000,21.595],
[1210006800000,21.668999999999997],
[1210015800000,21.758000000000003],
[1210080600000,21.734],
[1210089600000,21.068],
[1210098600000,20.986],
[1210109400000,20.907],
[1210172400000,20.910999999999998],
[1210181400000,20.631],
[1210190400000,20.486],
[1210254300000,20.520000000000003],
[1210263300000,20.868999999999996],
[1210272300000,20.607],
[1210283100000,20.615000000000002],
[1210346100000,20.409000000000002],
[1210355100000,20.374999999999996],
[1210365900000,20.462],
[1210601700000,20.49],
[1210610700000,20.433],
[1210619700000,20.696],
[1210684500000,20.711],
[1210693500000,20.339000000000002],
[1210702500000,20.323],
[1210713300000,20.238000000000003],
[1210776300000,20.232],
[1210785300000,20.199],
[1210794300000,20.220000000000002],
[1210859100000,20.138000000000005],
[1210868100000,20.240000000000002],
[1210877100000,20.509999999999998],
[1210887900000,20.571999999999996],
[1210950900000,20.786],
[1210959900000,20.645],
[1210970700000,20.557000000000002],
[1211206500000,20.653],
[1211215500000,20.987000000000002],
[1211224500000,21.083],
[1211289300000,20.977],
[1211298300000,20.678999999999995],
[1211307300000,20.645999999999997],
[1211318100000,20.764000000000003],
[1211381100000,20.549],
[1211390100000,20.368999999999996],
[1211399100000,20.243000000000002],
[1211554800000,20.158000000000005],
[1211563800000,20.107],
[1211572800000,20.082],
[1211814900000,20.194],
[1211823900000,20.041000000000004],
[1211834700000,20.04],
[1211897700000,20.127999999999997],
[1211906700000,20.298000000000002],
[1211915700000,20.538999999999998],
[1211980500000,20.785],
[1211989500000,20.947000000000003],
[1211998500000,21.247],
[1212009300000,21.424],
[1212072300000,21.293999999999997],
[1212081300000,21.283],
[1212090300000,21.318999999999996],
[1212155100000,21.364],
[1212164100000,21.627999999999997],
[1212173100000,21.762999999999998],
[1212183900000,22.026999999999997],
[1212419700000,21.61],
[1212428700000,21.388999999999996],
[1212441300000,21.193],
[1212504300000,21.075],
[1212513300000,20.867],
[1212522300000,20.627000000000002],
[1212587100000,20.596999999999998],
[1212596100000,20.624999999999996],
[1212605100000,20.541],
[1212615900000,20.397],
[1212678900000,20.695999999999998],
[1212687900000,20.964],
[1212705900000,21.039],
[1212765300000,20.732],
[1212774300000,20.556],
[1212785100000,20.543],
[1213020900000,20.512],
[1213029900000,20.373999999999995],
[1213038900000,20.056000000000004],
[1213103700000,20.037],
[1213112700000,19.47],
[1213121700000,19.341],
[1213132500000,19.391],
[1213195500000,19.277000000000005],
[1213204500000,19.175999999999995],
[1213213500000,19.106],
[1213278300000,19.214000000000006],
[1213287300000,19.62],
[1213296300000,19.621],
[1213364700000,19.695],
[1213373700000,19.782],
[1213382700000,19.696],
[1213621200000,19.729999999999997],
[1213630200000,19.698],
[1213639200000,19.723999999999997],
[1213650000000,19.821999999999996],
[1213713000000,20.029000000000003],
[1213722000000,20.289],
[1213731000000,20.538],
[1213796700000,20.31],
[1213805700000,19.799],
[1213814700000,19.745],
[1213825500000,19.709000000000003],
[1213888500000,19.523999999999997],
[1213897500000,19.479999999999997],
[1213908300000,19.572],
[1213973100000,19.37],
[1213982100000,19.244999999999997],
[1213991100000,18.916999999999998],
[1214228700000,18.892999999999997],
[1214237700000,18.715],
[1214246700000,18.72],
[1214257500000,18.714],
[1214320500000,18.468999999999998],
[1214329500000,18.517],
[1214340300000,18.360999999999997],
[1214403300000,18.418999999999997],
[1214412300000,18.769000000000002],
[1214421300000,18.854],
[1214486100000,18.635],
[1214495100000,18.104],
[1214504100000,17.948],
[1214514900000,17.794],
[1214577900000,17.875],
[1214586900000,17.834999999999997],
[1214595900000,17.808],
[1214833500000,17.794999999999998],
[1214842500000,17.829999999999995],
[1214851500000,17.866000000000003],
[1214862300000,17.884000000000004],
[1214925300000,17.637],
[1214934300000,17.516],
[1214945100000,17.57],
[1215008100000,17.704],
[1215017100000,17.761],
[1215026100000,17.633000000000003],
[1215090900000,17.502000000000002],
[1215099900000,17.580000000000002],
[1215108900000,17.439999999999998],
[1215119700000,17.058],
[1215182700000,17.221],
[1215191700000,17.082],
[1215200700000,16.985],
[1215439200000,17.255],
[1215448200000,17.180000000000003],
[1215457200000,16.898],
[1215522000000,17.070999999999998],
[1215531000000,16.812],
[1215540000000,16.967],
[1215695700000,17.164],
[1215704700000,17.157999999999998],
[1215713700000,17.335],
[1215724500000,17.353],
[1215787500000,17.276999999999997],
[1215796500000,17.141],
[1215805500000,17.158],
[1216044000000,17.214999999999996],
[1216053000000,17.167],
[1216062000000,17.121000000000002],
[1216126800000,17.020999999999994],
[1216135800000,16.589000000000002],
[1216144800000,16.805],
[1216155600000,16.827999999999996],
[1216219500000,17.014],
[1216228500000,17.548000000000002],
[1216237500000,17.875999999999998],
[1216302300000,18.282999999999998],
[1216311300000,18.266],
[1216320300000,18.504],
[1216386000000,18.321],
[1216395000000,18.8],
[1216404000000,18.747999999999998],
[1216415700000,18.859],
[1216652400000,18.842999999999996],
[1216661400000,18.674999999999997],
[1216670400000,18.639999999999997],
[1216735200000,18.334999999999997],
[1216744200000,18.599],
[1216753200000,18.621],
[1216818000000,18.740000000000002],
[1216827000000,18.841],
[1216836000000,18.732],
[1216846800000,18.831000000000003],
[1216910700000,18.625999999999998],
[1216919700000,18.258],
[1216928700000,18.200000000000003],
[1216993500000,17.794999999999998],
[1217002500000,17.8],
[1217011500000,17.607],
[1217022300000,17.604000000000003],
[1217258100000,17.807],
[1217267100000,17.606],
[1217277900000,17.438],
[1217340900000,17.425],
[1217349900000,17.46],
[1217358900000,17.503999999999998],
[1217425500000,17.99],
[1217434500000,18.217],
[1217443500000,18.151],
[1217454300000,18.217999999999996],
[1217517300000,18.224000000000004],
[1217526300000,18.106],
[1217537100000,18.291999999999998],
[1217600100000,18.211],
[1217609100000,18.026000000000003],
[1217618100000,18.018],
[1217855700000,17.95],
[1217864700000,17.583],
[1217873700000,17.434000000000005],
[1217884500000,17.464],
[1217947500000,17.735999999999997],
[1217956500000,17.927],
[1217965500000,18.044999999999998],
[1218030300000,18.169],
[1218039300000,18.284000000000002],
[1218048300000,18.478],
[1218059100000,18.538000000000004],
[1218122100000,18.276],
[1218131100000,18.250999999999998],
[1218141900000,18.21],
[1218204900000,18.136],
[1218213900000,18.255000000000003],
[1218222900000,18.113000000000003],
[1218462300000,18.035999999999998],
[1218471300000,17.823],
[1218480300000,17.735],
[1218491100000,17.535999999999998],
[1218554100000,17.730999999999998],
[1218563100000,17.668],
[1218573900000,17.439999999999998],
[1218637800000,17.302],
[1218646800000,17.340999999999998],
[1218655800000,17.223],
[1218721500000,17.144],
[1218730500000,17.478],
[1218739500000,17.465999999999998],
[1218806100000,17.466],
[1218815100000,17.32],
[1218824100000,17.116000000000003],
[1218836700000,17.1],
[1219072500000,17.121000000000002],
[1219081500000,16.887],
[1219092300000,16.786],
[1219155300000,16.597],
[1219164300000,16.608999999999998],
[1219173300000,16.731],
[1219239000000,16.703],
[1219248000000,17.002000000000002],
[1219257000000,17.041000000000004],
[1219267800000,17.166999999999998],
[1219330800000,17.086],
[1219339800000,16.942],
[1219348800000,17.145999999999997],
[1219413600000,17.277],
[1219422600000,17.301000000000002],
[1219431600000,17.186],
[1219670100000,17.250000000000004],
[1219679100000,16.908],
[1219688100000,16.822],
[1219698900000,16.830999999999996],
[1219761900000,16.794999999999998],
[1219770900000,16.674],
[1219779900000,16.506],
[1219844700000,16.576999999999998],
[1219853700000,16.688],
[1219862700000,16.845],
[1219928400000,16.876],
[1219937400000,17.243],
[1219946400000,17.244999999999997],
[1219959000000,17.289],
[1220022000000,17.24],
[1220031000000,17.002000000000002],
[1220040000000,17.032],
[1220278500000,16.834],
[1220287500000,16.873],
[1220296500000,16.817999999999998],
[1220361300000,16.748999999999995],
[1220370300000,17.148],
[1220379300000,17.069],
[1220390100000,16.946],
[1220453100000,17.073],
[1220462100000,17.05],
[1220471100000,17.044000000000004],
[1220535900000,16.977],
[1220544900000,16.796],
[1220553900000,16.691000000000003],
[1220619600000,16.589000000000002],
[1220628600000,16.296999999999997],
[1220637600000,16.516999999999996],
[1220879700000,16.846],
[1220888700000,17.229],
[1220897700000,16.975],
[1220908500000,17.021],
[1220971500000,16.935000000000002],
[1220980500000,16.686999999999998],
[1220989500000,16.607],
[1221054300000,16.592999999999996],
[1221063300000,16.427],
[1221072300000,16.558],
[1221083100000,16.688999999999997],
[1221146100000,16.368],
[1221155100000,16.522000000000002],
[1221165900000,16.67],
[1221228900000,16.811],
[1221237900000,16.96],
[1221246900000,16.999000000000002],
[1221484500000,16.767999999999997],
[1221493500000,16.201999999999998],
[1221502500000,16.013],
[1221513300000,15.87],
[1221576300000,15.679999999999998],
[1221585300000,15.668000000000001],
[1221594300000,15.716999999999999],
[1221659100000,15.910999999999998],
[1221668100000,15.399000000000001],
[1221677100000,15.129999999999999],
[1221687900000,15.190000000000001],
[1221750900000,15.565999999999999],
[1221759900000,15.474],
[1221770700000,16.199],
[1221834600000,16.972],
[1221843600000,17.383000000000003],
[1221852600000,17.375],
[1222090200000,17.520000000000003],
[1222099200000,17.196],
[1222108200000,17.147000000000002],
[1222119900000,16.916999999999998],
[1222182900000,16.822],
[1222191900000,16.502000000000002],
[1222202700000,16.696],
[1222266600000,16.631999999999998],
[1222275600000,16.534],
[1222284600000,16.534],
[1222350300000,16.567],
[1222359300000,16.916],
[1222368300000,16.958],
[1222379100000,16.942],
[1222442100000,16.797000000000004],
[1222451100000,16.695999999999998],
[1222461900000,16.777],
[1222698600000,16.44],
[1222707600000,16.097999999999995],
[1222717500000,15.654],
[1222782300000,15.958000000000002],
[1222791300000,16.241999999999997],
[1222800300000,16.823],
[1222811100000,17.214000000000002],
[1222874100000,16.936],
[1222883100000,17.177000000000003],
[1222893900000,17.541000000000004],
[1222956900000,17.242000000000004],
[1222965900000,16.746],
[1222974900000,16.250999999999998],
[1223040600000,16.589999999999996],
[1223049600000,16.726999999999997],
[1223058600000,16.046],
[1223069400000,15.502],
[1223309700000,13.799000000000001],
[1223318700000,13.513000000000002],
[1223329500000,14.503],
[1223392500000,14.591999999999999],
[1223401500000,14.111],
[1223412300000,14.133000000000001],
[1223477100000,14.181999999999999],
[1223486100000,14.466],
[1223495100000,14.529000000000002],
[1223559900000,13.966],
[1223568900000,14.084],
[1223577900000,13.878],
[1223588700000,13.124],
[1223653500000,12.228],
[1223662500000,12.488],
[1223905500000,12.967000000000002],
[1223914500000,14.137],
[1223923500000,14.710999999999999],
[1223934300000,15.419],
[1223997300000,16.048],
[1224006300000,15.929000000000002],
[1224017100000,15.747999999999996],
[1224080100000,15.536000000000001],
[1224089100000,15.098000000000003],
[1224099900000,14.323999999999998],
[1224163800000,14.347000000000003],
[1224173700000,13.042000000000002],
[1224182700000,12.901],
[1224193500000,13.554999999999998],
[1224256500000,13.285],
[1224265500000,13.516],
[1224276300000,13.044],
[1224512100000,12.974],
[1224521100000,13.167999999999997],
[1224530100000,13.547000000000002],
[1224596700000,13.494],
[1224605700000,13.499],
[1224614700000,13.406],
[1224681300000,13.279],
[1224690300000,12.585],
[1224699300000,12.212],
[1224767700000,11.786999999999999],
[1224776700000,11.398],
[1224785700000,10.838000000000001],
[1224796500000,10.73],
[1224861300000,9.778],
[1224870300000,9.636],
[1224881100000,9.598000000000003],
[1225118700000,9.657],
[1225127700000,9.861],
[1225136700000,9.972000000000001],
[1225203300000,9.98],
[1225212300000,10.144000000000002],
[1225221300000,10.401],
[1225287900000,10.588],
[1225296900000,11.189],
[1225305900000,11.366000000000001],
[1225372500000,11.889],
[1225381500000,12.836000000000002],
[1225390500000,12.658000000000001],
[1225401300000,12.865],
[1225466100000,12.66],
[1225475100000,13.151000000000002],
[1225719000000,13.271],
[1225728000000,14.725999999999999],
[1225737000000,14.776],
[1225803600000,14.918000000000001],
[1225812600000,16.029],
[1225821600000,16.004999999999995],
[1225832400000,15.806000000000001],
[1225897200000,15.248000000000001],
[1225906200000,14.716],
[1225915200000,14.172999999999998],
[1225981800000,13.832000000000003],
[1225990800000,13.602],
[1225999800000,13.303999999999998],
[1226066400000,13.567000000000002],
[1226075400000,13.904],
[1226084400000,13.919],
[1226323800000,14.225999999999999],
[1226332800000,14.651000000000002],
[1226341800000,14.432999999999998],
[1226408400000,14.297],
[1226417400000,13.800999999999998],
[1226426400000,13.852],
[1226437200000,14.106],
[1226502000000,13.849],
[1226511000000,13.365],
[1226520000000,13.238999999999999],
[1226586600000,13.663],
[1226595600000,14.016],
[1226604600000,13.981000000000003],
[1226671200000,14.582999999999998],
[1226680200000,14.36],
[1226689200000,14.05],
[1226931300000,14.049000000000001],
[1226940300000,13.977],
[1226949300000,14.241],
[1227015900000,13.982],
[1227024900000,13.552000000000001],
[1227033900000,13.341],
[1227100500000,13.221],
[1227109500000,13.297],
[1227118500000,12.721],
[1227274200000,12.364999999999998],
[1227283200000,11.759],
[1227292200000,11.56],
[1227534300000,11.598],
[1227543300000,12.457],
[1227552300000,12.837],
[1227618900000,13.014000000000001],
[1227627900000,13.34],
[1227636900000,13.158999999999997],
[1227647700000,13.481],
[1227712500000,13.879999999999995],
[1227721500000,14.738],
[1227732300000,14.767000000000001],
[1227797100000,14.584],
[1227806100000,14.637],
[1227815100000,14.671000000000001],
[1227881700000,14.624],
[1227890700000,14.65],
[1227899700000,14.87],
[1228139100000,14.554999999999998],
[1228148100000,14.011],
[1228157100000,13.995],
[1228223700000,14.115],
[1228232700000,14.402999999999997],
[1228241700000,14.684000000000001],
[1228252500000,14.709],
[1228317300000,14.458000000000002],
[1228326300000,14.716000000000003],
[1228337100000,14.629999999999999],
[1228401900000,14.905000000000001],
[1228410900000,15.186000000000002],
[1228419900000,15.038999999999998],
[1228486500000,14.741999999999999],
[1228495500000,14.690999999999999],
[1228504500000,14.508000000000001],
[1228743900000,15.370000000000001],
[1228752900000,15.907],
[1228761900000,16.176],
[1228828500000,16.434999999999995],
[1228837500000,16.282999999999998],
[1228846500000,16.398000000000003],
[1228857300000,16.207],
[1228930200000,16.618000000000002],
[1228939200000,16.35],
[1229005800000,16.383000000000003],
[1229014800000,16.429],
[1229023800000,16.365000000000002],
[1229090400000,15.687999999999999],
[1229099400000,15.851000000000003],
[1229108400000,16.215],
[1229347800000,16.424],
[1229356800000,16.058],
[1229365800000,15.796000000000001],
[1229432400000,15.628],
[1229441400000,16.064],
[1229450400000,15.952999999999998],
[1229461200000,16.166000000000004],
[1229526000000,16.389999999999997],
[1229535000000,16.473],
[1229544000000,16.497999999999998],
[1229610600000,16.72],
[1229619600000,16.660999999999998],
[1229628600000,16.526],
[1229695200000,16.448],
[1229704200000,16.407000000000004],
[1229713200000,16.049],
[1229952600000,15.963],
[1229961600000,15.639999999999997],
[1229970600000,15.317999999999998],
[1230037200000,15.222],
[1230046200000,15.297],
[1230055200000,15.027999999999997],
[1230297300000,14.663],
[1230306300000,14.454999999999998],
[1230315300000,14.071000000000002],
[1230557400000,14.304999999999998],
[1230566400000,14.350999999999999],
[1230575400000,14.273],
[1230642000000,14.338],
[1230651000000,14.533000000000001],
[1230660000000,14.698000000000002],
[1230667200000,14.6425],
]