[
[1410440400000,22.85771428571427],
[1411564500000,21.00810714285716],
[1412690400000,19.07096428571429],
[1413810900000,20.654500000000002],
[1414763100000,15.71107142857143],
[1415887200000,14.307785714285712],
[1417104000000,13.582250000000004],
[1418228100000,12.223249999999998],
[1419353100000,9.99507142857142],
[1420822800000,9.472785714285715],
[1421946900000,9.36092857142857],
[1423071900000,9.356642857142859],
[1424439000000,9.524178571428576],
[1425567600000,9.461428571428577],
[1426691700000,8.760321428571425],
[1426884300000,9.110240963855427],
]