[
[1409753700000,23.636500000000005],
[1410192900000,23.247699999999995],
[1410458400000,21.369100000000003],
[1410896700000,20.9241],
[1411393500000,21.552200000000006],
[1411659000000,20.191399999999994],
[1412098200000,19.60540000000001],
[1412363700000,17.582399999999996],
[1412861400000,20.741999999999994],
[1413299700000,21.359],
[1413565200000,20.0615],
[1413999900000,17.65320000000001],
[1414497600000,15.600299999999999],
[1414763100000,14.521799999999994],
[1415201400000,14.703699999999996],
[1415639700000,14.149599999999996],
[1415905200000,13.988500000000002],
[1416408300000,12.779099999999996],
[1416933000000,13.908199999999995],
[1417198500000,13.918899999999994],
[1417695300000,12.439800000000007],
[1418133600000,12.000400000000003],
[1418399100000,10.8192],
[1418838300000,9.613599999999998],
[1419277500000,9.86040000000001],
[1419946200000,10.509499999999997],
[1420557300000,9.326199999999998],
[1420822800000,8.8101],
[1421261100000,9.047199999999998],
[1421757900000,9.359300000000001],
[1422023400000,9.854100000000003],
[1422461700000,9.782099999999998],
[1422900000000,8.5296],
[1423224900000,9.831800000000007],
[1423664100000,9.156299999999995],
[1424286000000,9.609500000000002],
[1424787300000,9.644399999999997],
[1425052800000,9.396500000000003],
[1425491100000,9.5035],
[1425929400000,9.2063],
[1426253400000,8.6934],
[1426691700000,8.4838],
[1426884300000,9.110240963855427],
]