[
[1410192900000,23.4421],
[1410896700000,21.146600000000003],
[1411659000000,20.87180000000001],
[1412363700000,18.593900000000012],
[1413299700000,21.050499999999992],
[1413999900000,18.85735],
[1414763100000,15.061049999999996],
[1415639700000,14.426649999999997],
[1416408300000,13.383800000000003],
[1417198500000,13.913550000000004],
[1418133600000,12.220100000000002],
[1418838300000,10.2164],
[1419946200000,10.184950000000008],
[1420822800000,9.068149999999996],
[1421757900000,9.203249999999999],
[1422461700000,9.8181],
[1423224900000,9.180700000000002],
[1424286000000,9.382900000000001],
[1425052800000,9.520449999999997],
[1425929400000,9.354899999999999],
[1426691700000,8.588599999999996],
[1426884300000,9.110240963855427],
]