[
[1409591700000,23.123799999999996],
[1409753700000,24.1492],
[1409857200000,23.704399999999996],
[1410192900000,22.791],
[1410354900000,21.686799999999998],
[1410458400000,21.051400000000005],
[1410793200000,20.675599999999996],
[1410896700000,21.172599999999992],
[1411058700000,21.989],
[1411393500000,21.1154],
[1411497000000,20.153199999999995],
[1411659000000,20.229599999999994],
[1411763400000,20.470000000000006],
[1412098200000,18.7408],
[1412260200000,17.5624],
[1412363700000,17.602400000000003],
[1412699400000,20.527199999999993],
[1412861400000,20.9568],
[1412964900000,21.097799999999996],
[1413299700000,21.620199999999997],
[1413403200000,20.9846],
[1413565200000,19.1384],
[1413896400000,18.422600000000003],
[1413999900000,16.8838],
[1414161900000,16.0332],
[1414497600000,15.167400000000002],
[1414601100000,14.716199999999992],
[1414763100000,14.327400000000004],
[1415039400000,14.808199999999998],
[1415201400000,14.599200000000007],
[1415363400000,14.128],
[1415639700000,14.171199999999994],
[1415801700000,13.893999999999997],
[1415905200000,14.082999999999995],
[1416245400000,13.072999999999995],
[1416408300000,12.485200000000003],
[1416599100000,13.292],
[1416933000000,14.524399999999998],
[1417095000000,14.245999999999999],
[1417198500000,13.5918],
[1417533300000,12.402800000000004],
[1417695300000,12.4768],
[1417798800000,12.237000000000002],
[1418133600000,11.763799999999998],
[1418237100000,11.038],
[1418399100000,10.6004],
[1418734800000,9.722999999999999],
[1418838300000,9.504199999999999],
[1419000300000,9.809200000000002],
[1419277500000,9.911600000000002],
[1419611400000,10.675000000000002],
[1419946200000,10.343999999999996],
[1420222500000,9.880599999999998],
[1420557300000,8.7718],
[1420719300000,8.514000000000003],
[1420822800000,9.106200000000003],
[1421157600000,9.138799999999998],
[1421261100000,8.955600000000002],
[1421423100000,9.279599999999997],
[1421757900000,9.439],
[1421861400000,9.5408],
[1422023400000,10.1674],
[1422300600000,9.946799999999998],
[1422461700000,9.617399999999996],
[1422623700000,8.743],
[1422900000000,8.316200000000002],
[1423062900000,9.640000000000002],
[1423224900000,10.023599999999998],
[1423502100000,9.0886],
[1423664100000,9.224000000000004],
[1423767600000,9.222800000000003],
[1424286000000,9.996199999999995],
[1424448000000,9.741200000000001],
[1424787300000,9.5476],
[1424890800000,9.4892],
[1425052800000,9.3038],
[1425387600000,9.4896],
[1425491100000,9.5174],
[1425653100000,9.2464],
[1425929400000,9.166200000000002],
[1426091400000,8.677800000000001],
[1426253400000,8.709000000000003],
[1426529700000,8.286199999999997],
[1426691700000,8.6814],
[1426795200000,9.101000000000004],
[1426884300000,9.124242424242425],
]