[
[1410458400000,22.75109999999998],
[1411659000000,20.889233333333358],
[1412861400000,19.30993333333335],
[1413999900000,19.691233333333322],
[1415201400000,14.941933333333317],
[1416408300000,13.639066666666652],
[1417695300000,13.422299999999996],
[1418838300000,10.811066666666663],
[1420557300000,9.898700000000009],
[1421757900000,9.072199999999992],
[1422900000000,9.388599999999997],
[1424286000000,9.53253333333333],
[1425491100000,9.514799999999994],
[1426691700000,8.7945],
[1426884300000,9.110240963855427],
]