[
[1199826000000,18.88675],
[1200431700000,18.913624999999996],
[1201093200000,17.215437499999986],
[1201787100000,17.500937499999996],
[1202747400000,16.495375000000003],
[1203355800000,17.616625],
[1203960600000,18.228312500000005],
[1204565400000,19.117562499999995],
[1205167500000,18.6940625],
[1205764200000,18.294875000000008],
[1206451800000,17.542750000000005],
[1206993600000,17.489062500000014],
[1207590300000,18.106437500000016],
[1208189700000,18.051249999999975],
[1208884500000,18.444375000000004],
[1209490200000,19.208625000000005],
[1210181400000,20.815812500000007],
[1210776300000,20.487812500000008],
[1211318100000,20.603499999999997],
[1212009300000,20.446937500000008],
[1212605100000,21.200125000000003],
[1213204500000,20.160062499999988],
[1213805700000,19.792062500000007],
[1214403300000,19.023124999999997],
[1214945100000,17.982499999999984],
[1215540000000,17.2593125],
[1216228500000,17.118374999999997],
[1216827000000,18.55943750000001],
[1217425500000,17.917687499999992],
[1217965500000,17.975125],
[1218563100000,18.07743749999999],
[1219164300000,17.149749999999987],
[1219761900000,17.011750000000003],
[1220361300000,16.905687499999978],
[1220908500000,16.891749999999995],
[1221502500000,16.613062499999995],
[1222099200000,16.140625000000004],
[1222698600000,16.742312500000004],
[1223069400000,16.546687499999997],
[1223905500000,13.785187499999997],
[1224276300000,14.414999999999992],
[1224881100000,11.995562499999995],
[1225719000000,11.405500000000002],
[1226323800000,14.546937500000007],
[1226931300000,14.018437499999996],
[1227627900000,12.953874999999993],
[1228232700000,14.321250000000006],
[1228837500000,15.1524375],
[1229450400000,16.151687499999998],
[1230055200000,16.05037500000001],
[1230667200000,14.42867346938776],
]