[
[1409924700000,23.612499999999994],
[1410534900000,21.684062500000003],
[1411144200000,21.3005],
[1411753500000,20.31043749999998],
[1412363700000,18.16050000000001],
[1413205200000,20.831937499999995],
[1413810900000,20.384812500000002],
[1414421100000,16.629062499999996],
[1415030400000,14.577187499999988],
[1415639700000,14.32143750000001],
[1416313800000,13.616062500000007],
[1417009500000,13.585937499999996],
[1417618800000,13.110562499999997],
[1418228100000,11.852375000000002],
[1418838300000,10.002375],
[1419620400000,10.148750000000007],
[1420633800000,9.460062499999998],
[1421243100000,9.01618749999999],
[1421852400000,9.318625000000003],
[1422461700000,9.899437499999996],
[1423071900000,8.9790625],
[1423683000000,9.336125000000003],
[1424710800000,9.725750000000001],
[1425320100000,9.439874999999997],
[1425929400000,9.317874999999999],
[1426597200000,8.549562499999997],
[1426884300000,8.991382113821139],
]