[
[1199464200000,18.866999999999997],
[1199826000000,18.906499999999998],
[1200069900000,19.059125],
[1200431700000,18.768125],
[1200674700000,17.601374999999994],
[1201093200000,16.829500000000003],
[1201542300000,17.292624999999997],
[1201787100000,17.709249999999997],
[1202331600000,16.853875000000006],
[1202747400000,16.136874999999993],
[1202936400000,17.400124999999996],
[1203355800000,17.833124999999995],
[1203544800000,18.165500000000016],
[1203960600000,18.29112499999999],
[1204149600000,19.12487500000001],
[1204565400000,19.110250000000008],
[1204755300000,18.843249999999998],
[1205167500000,18.54487500000001],
[1205351100000,18.419999999999998],
[1205764200000,18.169750000000004],
[1205948700000,17.710875000000005],
[1206451800000,17.374625],
[1206637200000,17.71325],
[1206993600000,17.264875],
[1207233900000,18.060124999999992],
[1207590300000,18.15275],
[1207775700000,18.307624999999984],
[1208189700000,17.794875000000005],
[1208375100000,17.763250000000003],
[1208884500000,19.125500000000006],
[1209132900000,19.059874999999998],
[1209490200000,19.357374999999998],
[1209997800000,20.42362500000001],
[1210181400000,21.208000000000006],
[1210365900000,20.542875000000002],
[1210776300000,20.43275],
[1210959900000,20.413749999999993],
[1211318100000,20.79325],
[1211823900000,20.217875],
[1212009300000,20.676],
[1212419700000,21.536],
[1212605100000,20.864249999999995],
[1213020900000,20.67987499999999],
[1213204500000,19.64025000000001],
[1213621200000,19.557999999999996],
[1213805700000,20.026125000000004],
[1213991100000,19.445249999999994],
[1214403300000,18.600999999999996],
[1214586900000,18.226749999999992],
[1214945100000,17.738249999999994],
[1215182700000,17.487375000000007],
[1215540000000,17.031249999999993],
[1216044000000,17.22512499999999],
[1216228500000,17.011625],
[1216415700000,18.457125],
[1216827000000,18.66175],
[1217011500000,18.23112500000001],
[1217425500000,17.60425],
[1217609100000,18.180624999999996],
[1217965500000,17.769625],
[1218204900000,18.292750000000005],
[1218563100000,17.862125000000006],
[1218806100000,17.357499999999995],
[1219164300000,16.942],
[1219348800000,16.977250000000005],
[1219761900000,17.046249999999986],
[1219946400000,16.831750000000003],
[1220361300000,16.979625000000013],
[1220544900000,17.012875],
[1220908500000,16.770625000000003],
[1221146100000,16.608000000000008],
[1221502500000,16.618125000000003],
[1221687900000,15.570625000000001],
[1222099200000,16.71062499999999],
[1222284600000,16.722999999999992],
[1222698600000,16.761625000000002],
[1222883100000,16.51275],
[1223069400000,16.58062500000001],
[1223486100000,14.162374999999994],
[1223905500000,13.407999999999996],
[1224089100000,15.328249999999993],
[1224276300000,13.501750000000005],
[1224690300000,13.244],
[1224881100000,10.747125],
[1225296900000,10.224],
[1225719000000,12.587],
[1225906200000,15.27800000000001],
[1226323800000,13.815874999999997],
[1226511000000,14.04425],
[1226931300000,13.992625],
[1227118500000,13.541499999999996],
[1227627900000,12.36625],
[1227815100000,14.239625000000004],
[1228232700000,14.402874999999998],
[1228419900000,14.790874999999996],
[1228837500000,15.514000000000001],
[1229090400000,16.304750000000002],
[1229450400000,15.998625],
[1229695200000,16.48525],
[1230055200000,15.615499999999997],
[1230651000000,14.373625],
[1230667200000,14.673333333333337],
]