[
[1409333400000,21.841499999999996],
[1409582700000,23.797500000000007],
[1409600700000,24.247999999999998],
[1409677200000,23.7575],
[1409753700000,24.538],
[1409771700000,23.952000000000005],
[1409848200000,23.672500000000003],
[1409924700000,23.093],
[1409942700000,22.7585],
[1410192900000,22.7625],
[1410269400000,21.922],
[1410287400000,21.622],
[1410363900000,21.1945],
[1410440400000,20.8485],
[1410458400000,21.258500000000005],
[1410534900000,21.105999999999998],
[1410553800000,20.433500000000002],
[1410802200000,20.273],
[1410878700000,20.863499999999995],
[1410896700000,21.944499999999998],
[1410973200000,22.045499999999997],
[1411049700000,21.992],
[1411067700000,21.762499999999996],
[1411144200000,21.089499999999997],
[1411393500000,20.8715],
[1411411500000,19.939000000000004],
[1411488000000,20.395000000000003],
[1411564500000,20.139499999999998],
[1411582500000,20.2605],
[1411659000000,20.223000000000003],
[1411677900000,19.967499999999998],
[1411753500000,20.687499999999996],
[1412003700000,20.119999999999997],
[1412022600000,18.984499999999997],
[1412098200000,18.2675],
[1412174700000,17.990500000000004],
[1412192700000,17.323500000000003],
[1412269200000,17.109],
[1412345700000,17.449499999999997],
[1412363700000,18.0395],
[1412613900000,19.905],
[1412690400000,20.665999999999997],
[1412708400000,21.4985],
[1412784900000,20.821499999999993],
[1412861400000,20.818999999999996],
[1412879400000,21.487999999999992],
[1412955900000,20.897000000000002],
[1413205200000,20.5605],
[1413223200000,21.862000000000005],
[1413299700000,21.987499999999997],
[1413318600000,22.060499999999998],
[1413394200000,20.334],
[1413470700000,19.672999999999995],
[1413488700000,19.035],
[1413565200000,19.205],
[1413810900000,18.9215],
[1413828900000,18.5015],
[1413905400000,17.135],
[1413981900000,16.756500000000003],
[1413999900000,16.951500000000003],
[1414076400000,16.232999999999997],
[1414152900000,15.681999999999999],
[1414170900000,16.509999999999998],
[1414421100000,15.263000000000002],
[1414497600000,14.313499999999996],
[1414515600000,14.8165],
[1414592100000,14.704999999999998],
[1414611000000,14.383000000000001],
[1414686600000,14.312000000000003],
[1414763100000,14.392499999999998],
[1414781100000,14.76],
[1415030400000,14.934999999999999],
[1415106900000,14.698000000000002],
[1415124900000,14.608999999999998],
[1415201400000,14.516499999999999],
[1415277900000,14.3565],
[1415295900000,13.970000000000004],
[1415372400000,13.9405],
[1415621700000,14.392500000000002],
[1415639700000,14.088500000000002],
[1415716200000,13.898000000000005],
[1415735100000,13.870999999999999],
[1415810700000,14.114],
[1415887200000,14.1595],
[1415905200000,13.9],
[1415987100000,13.109499999999997],
[1416236400000,13.140500000000003],
[1416313800000,12.736],
[1416331800000,12.3345],
[1416408300000,12.575000000000001],
[1416571200000,12.712],
[1416589200000,13.495000000000001],
[1416838500000,14.437499999999996],
[1416857400000,14.383000000000001],
[1416933000000,14.513499999999999],
[1417009500000,14.237],
[1417027500000,14.266499999999999],
[1417104000000,14.311500000000004],
[1417180500000,13.601500000000001],
[1417198500000,13.178],
[1417447800000,12.575500000000002],
[1417524300000,12.312499999999998],
[1417542300000,12.317499999999997],
[1417618800000,12.321499999999999],
[1417695300000,12.672000000000002],
[1417713300000,12.300500000000001],
[1417789800000,12.2175],
[1417808700000,12.193],
[1418057100000,11.955999999999998],
[1418133600000,11.335000000000004],
[1418151600000,11.072999999999999],
[1418228100000,11.072],
[1418304600000,10.829999999999998],
[1418322600000,10.584],
[1418399100000,10.536999999999999],
[1418648400000,10.214000000000002],
[1418667300000,9.5495],
[1418743800000,9.18],
[1418820300000,9.499500000000001],
[1418838300000,9.625],
[1418914800000,9.947],
[1418991300000,9.697],
[1419009300000,9.7165],
[1419258600000,9.89],
[1419277500000,10.051499999999999],
[1419353100000,10.609999999999998],
[1419602400000,10.785999999999998],
[1419620400000,10.492],
[1419869700000,10.3165],
[1419946200000,10.343],
[1419964200000,10.152],
[1420213500000,9.795],
[1420462800000,9.343999999999998],
[1420480800000,8.766],
[1420557300000,8.574],
[1420633800000,8.39],
[1420651800000,8.538499999999999],
[1420728300000,8.834999999999999],
[1420804800000,9.245],
[1420822800000,9.042000000000002],
[1421072100000,9.334000000000001],
[1421091000000,8.9395],
[1421166600000,9.192000000000002],
[1421243100000,9.003500000000003],
[1421261100000,8.766999999999998],
[1421337600000,9.1435],
[1421414100000,9.2965],
[1421432100000,9.539],
[1421681400000,9.424000000000001],
[1421757900000,9.3935],
[1421775900000,9.5935],
[1421852400000,9.392],
[1421928900000,9.812000000000001],
[1421946900000,10.222999999999999],
[1422023400000,10.25],
[1422042300000,10.084999999999997],
[1422290700000,9.848500000000001],
[1422367200000,9.769499999999999],
[1422385200000,9.916499999999997],
[1422461700000,9.291],
[1422538200000,8.959999999999997],
[1422556200000,8.6885],
[1422632700000,8.315000000000001],
[1422882000000,8.256000000000002],
[1422900000000,8.428500000000001],
[1422976500000,9.125500000000002],
[1423053900000,9.9455],
[1423071900000,10.113500000000002],
[1423148400000,9.994500000000002],
[1423224900000,9.980000000000002],
[1423242900000,9.1285],
[1423493100000,8.956999999999999],
[1423569600000,9.2965],
[1423587600000,9.3925],
[1423664100000,9.007000000000001],
[1423683000000,8.933],
[1423758600000,9.3905],
[1423835100000,9.587499999999999],
[1423853100000,9.977],
[1424286000000,10.159500000000001],
[1424362500000,9.798],
[1424439000000,9.736999999999998],
[1424457000000,9.617999999999999],
[1424710800000,9.5385],
[1424787300000,9.5305],
[1424805300000,9.768500000000001],
[1424881800000,9.333],
[1424958300000,9.3115],
[1424976300000,9.244499999999999],
[1425052800000,9.325],
[1425302100000,9.568500000000002],
[1425320100000,9.437499999999996],
[1425396600000,9.5685],
[1425415500000,9.6],
[1425491100000,9.343],
[1425567600000,9.273],
[1425585600000,9.216000000000003],
[1425662100000,9.2635],
[1425911400000,9.1985],
[1425929400000,9.080499999999997],
[1426005900000,8.770999999999999],
[1426082400000,8.585],
[1426100400000,8.729000000000001],
[1426176900000,8.870999999999999],
[1426253400000,8.511000000000001],
[1426271400000,8.2845],
[1426520700000,8.2915],
[1426597200000,8.3535],
[1426615200000,8.605],
[1426691700000,8.8845],
[1426710600000,9.2085],
[1426786200000,9.0855],
[1426862700000,8.979000000000001],
[1426880700000,9.1435],
[1426884300000,9.273333333333333],
]