[
[1199388600000,18.95483333333333],
[1199730600000,18.72933333333333],
[1199899800000,18.908833333333327],
[1200069900000,19.183833333333325],
[1200411900000,18.92233333333333],
[1200581100000,17.941999999999997],
[1200924000000,17.307333333333336],
[1201093200000,16.76033333333333],
[1201204800000,17.145833333333336],
[1201635900000,17.780500000000004],
[1201805100000,17.533333333333335],
[1202331600000,16.681333333333328],
[1202499000000,16.08],
[1202841000000,16.760666666666673],
[1203010200000,17.929999999999996],
[1203355800000,17.72283333333333],
[1203525000000,18.157000000000004],
[1203694200000,18.24883333333334],
[1204036200000,18.390833333333337],
[1204149600000,19.312000000000005],
[1204317000000,19.248833333333334],
[1204659000000,18.729166666666668],
[1204829100000,18.971500000000002],
[1205167500000,18.381666666666664],
[1205333100000,18.358],
[1205444700000,18.343500000000002],
[1205782200000,17.92249999999999],
[1205948700000,17.776833333333343],
[1206378000000,17.357000000000006],
[1206545400000,17.692833333333336],
[1206711000000,17.541666666666668],
[1206993600000,17.212166666666658],
[1207160100000,18.07233333333333],
[1207325700000,18.07866666666666],
[1207664100000,18.23233333333333],
[1207775700000,18.31066666666666],
[1207941300000,17.872333333333327],
[1208281500000,17.531833333333335],
[1208449800000,18.236666666666668],
[1208884500000,19.27066666666667],
[1209058200000,19.05216666666667],
[1209397500000,19.16866666666667],
[1209564000000,19.393499999999996],
[1209997800000,20.840166666666665],
[1210109400000,21.35366666666668],
[1210272300000,20.67066666666667],
[1210610700000,20.463999999999995],
[1210776300000,20.423166666666678],
[1210887900000,20.313166666666664],
[1211224500000,20.78516666666667],
[1211390100000,20.66399999999999],
[1211823900000,20.13749999999999],
[1211989500000,20.456166666666658],
[1212155100000,21.321833333333327],
[1212441300000,21.601666666666667],
[1212605100000,20.721999999999984],
[1212774300000,20.730666666666654],
[1213112700000,20.165333333333326],
[1213278300000,19.250833333333333],
[1213621200000,19.690666666666672],
[1213731000000,20.016666666666666],
[1213897500000,19.761166666666668],
[1214237700000,19.118666666666673],
[1214403300000,18.533333333333335],
[1214514900000,18.350666666666662],
[1214851500000,17.834833333333336],
[1215017100000,17.678666666666665],
[1215182700000,17.405666666666665],
[1215522000000,17.0785],
[1215724500000,17.1315],
[1216062000000,17.17983333333334],
[1216228500000,16.967499999999998],
[1216395000000,18.341666666666665],
[1216735200000,18.683333333333334],
[1216846800000,18.727333333333334],
[1217011500000,18.047666666666665],
[1217349900000,17.55666666666667],
[1217517300000,18.050666666666668],
[1217855700000,18.100499999999997],
[1217965500000,17.698166666666665],
[1218131100000,18.33266666666666],
[1218471300000,18.095499999999998],
[1218637800000,17.56866666666667],
[1218806100000,17.353],
[1219092300000,17.055000000000003],
[1219257000000,16.780499999999996],
[1219422600000,17.15316666666666],
[1219761900000,16.96533333333333],
[1219928400000,16.694333333333336],
[1220040000000,17.17516666666667],
[1220379300000,16.915166666666668],
[1220544900000,16.981000000000005],
[1220888700000,16.694833333333335],
[1221054300000,16.803000000000004],
[1221165900000,16.539],
[1221502500000,16.6255],
[1221668100000,15.707499999999994],
[1221834600000,15.755166666666671],
[1222119900000,17.256333333333334],
[1222284600000,16.619999999999987],
[1222451100000,16.81266666666666],
[1222791300000,16.194833333333335],
[1222956900000,17.155499999999996],
[1223069400000,16.310333333333332],
[1223412300000,14.1085],
[1223577900000,14.184166666666666],
[1223923500000,13.275833333333336],
[1224089100000,15.629666666666663],
[1224256500000,13.575666666666667],
[1224596700000,13.290499999999998],
[1224767700000,12.794666666666672],
[1224881100000,10.329666666666665],
[1225221300000,10.002500000000001],
[1225390500000,11.754333333333333],
[1225737000000,13.574833333333336],
[1225906200000,15.453666666666672],
[1226075400000,13.730333333333332],
[1226417400000,14.221166666666669],
[1226586600000,13.679000000000004],
[1226931300000,14.173166666666667],
[1227100500000,13.718999999999998],
[1227534300000,12.216666666666665],
[1227647700000,13.048],
[1227815100000,14.546166666666664],
[1228157100000,14.450833333333337],
[1228326300000,14.51416666666667],
[1228495500000,14.8655],
[1228837500000,15.779833333333329],
[1229014800000,16.397500000000004],
[1229356800000,16.100166666666663],
[1229526000000,15.999499999999994],
[1229695200000,16.55433333333334],
[1230037200000,15.7665],
[1230557400000,14.636500000000003],
[1230667200000,14.466724137931035],
]