[
[1199976300000,18.861500000000003],
[1200674700000,18.419349999999998],
[1201635900000,17.209700000000016],
[1202747400000,16.71915],
[1203449400000,17.74495],
[1204149600000,18.580949999999984],
[1204904700000,18.953500000000016],
[1205764200000,18.28175000000001],
[1206545400000,17.59930000000001],
[1207233900000,17.650200000000016],
[1207923300000,18.18025000000002],
[1208884500000,18.277350000000006],
[1209582000000,19.22460000000002],
[1210365900000,21.012099999999997],
[1211224500000,20.502600000000008],
[1212009300000,20.51084999999999],
[1212705900000,21.114900000000006],
[1213621200000,19.796449999999997],
[1214257500000,19.540650000000007],
[1214945100000,18.074300000000008],
[1215724500000,17.257950000000005],
[1216415700000,17.627050000000008],
[1217277900000,18.27990000000001],
[1217965500000,17.899050000000003],
[1218655800000,17.927249999999997],
[1219348800000,17.045399999999983],
[1220040000000,16.97935],
[1220908500000,16.8771],
[1221594300000,16.437200000000008],
[1222284600000,16.454949999999993],
[1222974900000,16.698750000000004],
[1223905500000,14.271399999999995],
[1224596700000,14.191149999999995],
[1225296900000,11.026900000000001],
[1225999800000,13.891549999999993],
[1226931300000,13.995549999999996],
[1227721500000,13.12599999999999],
[1228419900000,14.610450000000004],
[1229356800000,15.954900000000007],
[1230055200000,16.012350000000016],
[1230667200000,14.42867346938776],
]