[
[1409848200000,23.686714285714274],
[1410440400000,22.02871428571428],
[1410973200000,21.132071428571436],
[1411564500000,20.88414285714287],
[1412098200000,19.787214285714292],
[1412690400000,18.354714285714284],
[1413223200000,21.13521428571428],
[1413810900000,20.173785714285714],
[1414170900000,16.82421428571428],
[1414763100000,14.597928571428566],
[1415295900000,14.549285714285718],
[1415887200000,14.066285714285712],
[1416571200000,12.929642857142856],
[1417104000000,14.234857142857145],
[1417695300000,12.711214285714295],
[1418228100000,11.73528571428571],
[1418820300000,10.056285714285716],
[1419353100000,9.933857142857146],
[1420462800000,10.1755],
[1420822800000,8.770071428571423],
[1421414100000,9.096571428571423],
[1421946900000,9.625285714285711],
[1422538200000,9.731499999999997],
[1423071900000,8.981785714285714],
[1423664100000,9.393714285714285],
[1424439000000,9.654642857142857],
[1424976300000,9.477785714285716],
[1425567600000,9.44507142857142],
[1426100400000,8.97764285714286],
[1426691700000,8.543],
[1426884300000,9.110240963855427],
]