[
[1410363900000,23.012269230769217],
[1411411500000,21.109807692307687],
[1412345700000,19.1475],
[1413394200000,20.841461538461548],
[1414497600000,17.24465384615385],
[1415372400000,14.491884615384604],
[1416571200000,13.463923076923074],
[1417618800000,13.534653846153844],
[1418667300000,11.271807692307693],
[1419946200000,10.011846153846161],
[1421166600000,9.088230769230774],
[1422042300000,9.532500000000004],
[1423148400000,9.280961538461547],
[1424439000000,9.488000000000005],
[1425491100000,9.475923076923081],
[1426597200000,8.802153846153844],
[1426884300000,8.991382113821139],
]