[
[1409582700000,22.8195],
[1409677200000,24.00275],
[1409771700000,24.244999999999997],
[1409924700000,23.382749999999994],
[1410192900000,22.760499999999997],
[1410287400000,21.772],
[1410440400000,21.0215],
[1410534900000,21.182250000000003],
[1410802200000,20.35325],
[1410896700000,21.403999999999993],
[1411049700000,22.018750000000004],
[1411144200000,21.425999999999995],
[1411411500000,20.405250000000002],
[1411564500000,20.267249999999997],
[1411659000000,20.24175],
[1411753500000,20.327500000000004],
[1412022600000,19.552249999999997],
[1412174700000,18.129],
[1412269200000,17.216250000000002],
[1412363700000,17.7445],
[1412690400000,20.285499999999995],
[1412784900000,21.160000000000004],
[1412879400000,21.1535],
[1413205200000,20.728749999999998],
[1413299700000,21.92475],
[1413394200000,21.197249999999997],
[1413488700000,19.353999999999992],
[1413810900000,19.06325],
[1413905400000,17.81825],
[1413999900000,16.854],
[1414152900000,15.957500000000001],
[1414421100000,15.886499999999998],
[1414515600000,14.564999999999998],
[1414611000000,14.544000000000002],
[1414763100000,14.352250000000002],
[1415030400000,14.847499999999997],
[1415124900000,14.653500000000005],
[1415277900000,14.436499999999995],
[1415372400000,13.955250000000003],
[1415639700000,14.2405],
[1415735100000,13.8845],
[1415887200000,14.136750000000006],
[1415987100000,13.504750000000001],
[1416313800000,12.938250000000002],
[1416408300000,12.454749999999999],
[1416589200000,13.103500000000002],
[1416857400000,14.41025],
[1417009500000,14.375249999999998],
[1417104000000,14.288999999999996],
[1417198500000,13.389750000000003],
[1417524300000,12.444000000000003],
[1417618800000,12.3195],
[1417713300000,12.486250000000002],
[1417808700000,12.20525],
[1418133600000,11.645499999999995],
[1418228100000,11.0725],
[1418322600000,10.706999999999997],
[1418648400000,10.375500000000002],
[1418743800000,9.364749999999999],
[1418838300000,9.562250000000002],
[1418991300000,9.822000000000003],
[1419258600000,9.803249999999998],
[1419353100000,10.33075],
[1419620400000,10.639],
[1419946200000,10.329749999999997],
[1420213500000,9.973499999999998],
[1420480800000,9.055000000000001],
[1420633800000,8.481999999999998],
[1420728300000,8.686749999999996],
[1420822800000,9.143500000000003],
[1421091000000,9.136750000000001],
[1421243100000,9.09775],
[1421337600000,8.95525],
[1421432100000,9.41775],
[1421757900000,9.408750000000001],
[1421852400000,9.492750000000001],
[1421946900000,10.017500000000002],
[1422042300000,10.167500000000002],
[1422367200000,9.809000000000001],
[1422461700000,9.603749999999998],
[1422556200000,8.82425],
[1422882000000,8.2855],
[1422976500000,8.777],
[1423071900000,10.029499999999999],
[1423224900000,9.98725],
[1423493100000,9.04275],
[1423587600000,9.3445],
[1423683000000,8.969999999999997],
[1423835100000,9.489],
[1424286000000,10.068249999999997],
[1424439000000,9.7675],
[1424710800000,9.578249999999999],
[1424805300000,9.649499999999998],
[1424958300000,9.32225],
[1425052800000,9.284749999999999],
[1425320100000,9.502999999999998],
[1425415500000,9.58425],
[1425567600000,9.307999999999996],
[1425662100000,9.239749999999999],
[1425929400000,9.139500000000002],
[1426082400000,8.678],
[1426176900000,8.8],
[1426271400000,8.39775],
[1426597200000,8.3225],
[1426691700000,8.74475],
[1426786200000,9.147000000000004],
[1426880700000,9.061249999999998],
[1426884300000,9.273333333333333],
]