[
[1409771700000,23.68908333333333],
[1410287400000,22.63841666666666],
[1410802200000,20.852333333333338],
[1411144200000,21.616249999999994],
[1411659000000,20.304750000000002],
[1412174700000,19.33625000000001],
[1412690400000,18.415416666666673],
[1413205200000,21.01408333333333],
[1413488700000,20.825333333333337],
[1413999900000,17.911833333333337],
[1414515600000,15.469666666666665],
[1415030400000,14.58125],
[1415372400000,14.348416666666681],
[1415887200000,14.087250000000003],
[1416408300000,12.965916666666661],
[1417009500000,13.963],
[1417524300000,13.374249999999991],
[1417808700000,12.336999999999998],
[1418322600000,11.141666666666662],
[1418838300000,9.767499999999997],
[1419353100000,9.985333333333346],
[1420213500000,10.314083333333333],
[1420728300000,8.741249999999997],
[1421243100000,9.125999999999994],
[1421757900000,9.260583333333335],
[1422042300000,9.89258333333334],
[1422556200000,9.412333333333335],
[1423071900000,9.030666666666667],
[1423587600000,9.458166666666667],
[1424286000000,9.509083333333331],
[1424805300000,9.66508333333333],
[1425320100000,9.370000000000008],
[1425662100000,9.377333333333336],
[1426176900000,8.872499999999992],
[1426691700000,8.488333333333333],
[1426884300000,9.110240963855427],
]