[
[1409668200000,23.344714285714286],
[1409848200000,24.028714285714287],
[1410201900000,22.76128571428571],
[1410440400000,21.29614285714286],
[1410793200000,20.842142857142868],
[1410973200000,21.42199999999999],
[1411153200000,21.54871428571429],
[1411564500000,20.219571428571424],
[1411744500000,20.195285714285717],
[1412098200000,19.37914285714286],
[1412278200000,17.479285714285712],
[1412690400000,19.230142857142866],
[1412870400000,21.115571428571428],
[1413223200000,21.154857142857132],
[1413403200000,21.27114285714286],
[1413810900000,19.07642857142856],
[1413990900000,17.40357142857143],
[1414170900000,16.244857142857146],
[1414525500000,14.813142857142859],
[1414763100000,14.382714285714286],
[1415115900000,14.77242857142857],
[1415295900000,14.326142857142857],
[1415707200000,14.119428571428566],
[1415887200000,14.013142857142858],
[1416245400000,13.30928571428571],
[1416571200000,12.550000000000002],
[1416924000000,14.193000000000003],
[1417104000000,14.276714285714283],
[1417456800000,13.007142857142863],
[1417695300000,12.415285714285716],
[1418048100000,12.207142857142859],
[1418228100000,11.263428571428571],
[1418408100000,10.60428571428571],
[1418820300000,9.508285714285714],
[1419000300000,9.756571428571428],
[1419353100000,10.111142857142859],
[1419878700000,10.513714285714288],
[1420462800000,9.837285714285713],
[1420642800000,8.562000000000001],
[1420822800000,8.978142857142855],
[1421175600000,9.153285714285712],
[1421414100000,9.039857142857144],
[1421766900000,9.494571428571426],
[1421946900000,9.755999999999998],
[1422300600000,10.03342857142857],
[1422538200000,9.429571428571428],
[1422891000000,8.409857142857142],
[1423071900000,9.55371428571429],
[1423484100000,9.598285714285714],
[1423664100000,9.189142857142855],
[1423844100000,9.397000000000002],
[1424439000000,9.912285714285712],
[1424796300000,9.59142857142857],
[1424976300000,9.364142857142859],
[1425387600000,9.442571428571425],
[1425567600000,9.447571428571429],
[1425920400000,9.213571428571425],
[1426100400000,8.741714285714284],
[1426511700000,8.521142857142856],
[1426691700000,8.564857142857145],
[1426871700000,9.095000000000002],
[1426884300000,9.192307692307692],
]