[
[1410269400000,23.303909090909094],
[1411049700000,21.23468181818182],
[1412003700000,20.49595454545454],
[1412784900000,18.91409090909092],
[1413565200000,20.720136363636353],
[1414515600000,16.462181818181822],
[1415295900000,14.512499999999996],
[1416313800000,13.759090909090899],
[1417180500000,13.715181818181826],
[1418133600000,12.307181818181819],
[1418914800000,10.191909090909084],
[1420213500000,10.168136363636371],
[1421166600000,8.927272727272724],
[1421946900000,9.417045454545462],
[1422900000000,9.255318181818188],
[1423683000000,9.443045454545455],
[1424881800000,9.67618181818182],
[1425662100000,9.37736363636363],
[1426615200000,8.661863636363627],
[1426884300000,9.066407766990292],
]