[
[1200336300000,18.957428571428565],
[1201542300000,17.42092857142856],
[1202841000000,16.912464285714268],
[1203960600000,18.056071428571432],
[1204904700000,19.00246428571429],
[1205948700000,18.118642857142863],
[1207142100000,17.522035714285725],
[1208189700000,18.097428571428576],
[1209397500000,18.729821428571427],
[1210365900000,20.55032142857142],
[1211554800000,20.51560714285717],
[1212605100000,20.89407142857143],
[1213713000000,19.939214285714268],
[1214586900000,18.968571428571423],
[1215724500000,17.39517857142855],
[1216827000000,17.922678571428573],
[1217873700000,17.96832142857143],
[1218806100000,17.83110714285712],
[1219853700000,16.934607142857132],
[1220908500000,16.9397857142857],
[1221834600000,16.235178571428577],
[1222883100000,16.766178571428572],
[1223997300000,14.76867857142857],
[1224881100000,12.93764285714286],
[1225999800000,12.843678571428567],
[1227118500000,13.865821428571426],
[1228326300000,13.808464285714285],
[1229450400000,15.79639285714287],
[1230667200000,15.434379844961239],
]