[
[1199806200000,18.871428571428567],
[1200336300000,19.043428571428578],
[1200924000000,17.777357142857138],
[1201542300000,17.064500000000002],
[1202311800000,17.44728571428571],
[1202841000000,16.377642857142867],
[1203431400000,17.89878571428572],
[1203960600000,18.21335714285714],
[1204317000000,19.177999999999997],
[1204904700000,18.826928571428564],
[1205424900000,18.311928571428577],
[1205948700000,17.92535714285713],
[1206565200000,17.532071428571438],
[1207142100000,17.512000000000004],
[1207664100000,18.178928571428578],
[1208189700000,18.015928571428557],
[1208541600000,18.322142857142865],
[1209397500000,19.137500000000014],
[1210015800000,20.344928571428568],
[1210365900000,20.7557142857143],
[1210887900000,20.381500000000003],
[1211554800000,20.649714285714285],
[1212081300000,20.600642857142862],
[1212605100000,21.187500000000014],
[1213132500000,20.293428571428564],
[1213713000000,19.584999999999997],
[1214237700000,19.578999999999997],
[1214586900000,18.35814285714287],
[1215108900000,17.680428571428564],
[1215724500000,17.109928571428576],
[1216302300000,17.217357142857132],
[1216827000000,18.628000000000018],
[1217349900000,17.942071428571424],
[1217873700000,17.994571428571426],
[1218222900000,18.134428571428575],
[1218806100000,17.52778571428571],
[1219330800000,16.947571428571422],
[1219853700000,16.92164285714284],
[1220379300000,17.018785714285713],
[1220908500000,16.860785714285708],
[1221484500000,16.685285714285712],
[1221834600000,15.785071428571431],
[1222359300000,16.910071428571424],
[1222883100000,16.622285714285713],
[1223412300000,15.521142857142861],
[1223997300000,14.016214285714282],
[1224521100000,14.033357142857135],
[1224881100000,11.84192857142857],
[1225466100000,11.147571428571432],
[1225999800000,14.539785714285717],
[1226586600000,13.91942857142856],
[1227118500000,13.812214285714283],
[1227797100000,13.109928571428567],
[1228326300000,14.506999999999996],
[1228857300000,15.462642857142864],
[1229450400000,16.13014285714286],
[1230037200000,16.177214285714292],
[1230667200000,14.553050847457627],
]