[
[1199994300000,18.906181818181825],
[1200942000000,18.047272727272727],
[1201805100000,17.365227272727285],
[1202936400000,16.74472727272728],
[1203712200000,18.0669090909091],
[1204659000000,18.986954545454545],
[1205424900000,18.525863636363656],
[1206451800000,17.725090909090913],
[1207160100000,17.648136363636382],
[1207923300000,18.166000000000018],
[1208960100000,18.35713636363637],
[1209997800000,19.6553181818182],
[1210702500000,20.772681818181834],
[1211554800000,20.520227272727283],
[1212441300000,20.941],
[1213204500000,20.31331818181817],
[1213973100000,19.73059090909091],
[1214851500000,18.367409090909103],
[1215704700000,17.321727272727262],
[1216415700000,17.601318181818193],
[1217349900000,18.20377272727273],
[1218059100000,18.02568181818181],
[1218824100000,17.684818181818187],
[1219761900000,16.967636363636363],
[1220471100000,16.946409090909064],
[1221237900000,16.716590909090893],
[1222119900000,16.286181818181824],
[1222883100000,16.632499999999997],
[1223653500000,14.897863636363633],
[1224596700000,14.0580909090909],
[1225372500000,11.081500000000005],
[1226323800000,14.099636363636362],
[1227100500000,13.936772727272723],
[1228139100000,13.52563636363636],
[1228857300000,15.071272727272719],
[1229695200000,16.25927272727272],
[1230667200000,14.962078651685383],
]