[
[1409686200000,23.53444444444445],
[1409942700000,23.50077777777778],
[1410372900000,21.751111111111122],
[1410802200000,20.78677777777778],
[1411058700000,21.728999999999996],
[1411488000000,20.693888888888893],
[1411744500000,20.182888888888893],
[1412174700000,19.07055555555556],
[1412604900000,17.68588888888889],
[1412861400000,20.898888888888884],
[1413233100000,21.306777777777775],
[1413488700000,20.448222222222228],
[1413914400000,18.25255555555556],
[1414170900000,16.391000000000002],
[1414601100000,14.74822222222222],
[1415030400000,14.558555555555566],
[1415286900000,14.478555555555573],
[1415716200000,14.070222222222213],
[1415978100000,13.914777777777774],
[1416408300000,12.738555555555555],
[1416924000000,13.863888888888887],
[1417180500000,14.126666666666663],
[1417609800000,12.55388888888889],
[1417808700000,12.354555555555557],
[1418237100000,11.308],
[1418667300000,10.281000000000002],
[1418923800000,9.583111111111107],
[1419353100000,10.020555555555559],
[1419955200000,10.44977777777778],
[1420557300000,9.232111111111111],
[1420813800000,8.785111111111112],
[1421243100000,9.108111111111109],
[1421672400000,9.211333333333332],
[1421928900000,9.535555555555558],
[1422300600000,10.075555555555553],
[1422556200000,9.26488888888889],
[1422985500000,8.66611111111111],
[1423242900000,9.842111111111107],
[1423673100000,9.133666666666661],
[1424286000000,9.68866666666667],
[1424719800000,9.650555555555554],
[1424976300000,9.43377777777778],
[1425405600000,9.48711111111111],
[1425662100000,9.31177777777778],
[1426091400000,8.882999999999996],
[1426520700000,8.521888888888888],
[1426777200000,8.803666666666667],
[1426884300000,9.06943396226415],
]