[
[1409942700000,23.517611111111105],
[1410802200000,21.268944444444458],
[1411488000000,21.211444444444442],
[1412174700000,19.626722222222238],
[1412861400000,19.2923888888889],
[1413488700000,20.877500000000005],
[1414170900000,17.321777777777783],
[1415030400000,14.65338888888889],
[1415716200000,14.274388888888904],
[1416408300000,13.32666666666667],
[1417180500000,13.995277777777781],
[1417808700000,12.45422222222222],
[1418667300000,10.794499999999996],
[1419353100000,9.801833333333335],
[1420557300000,9.840944444444444],
[1421243100000,8.946611111111105],
[1421928900000,9.373444444444447],
[1422556200000,9.670222222222218],
[1423242900000,9.254111111111111],
[1424286000000,9.411166666666666],
[1424976300000,9.542166666666667],
[1425662100000,9.39944444444444],
[1426520700000,8.702444444444433],
[1426884300000,8.902167832167832],
]