[
[1409677200000,23.411125000000002],
[1409924700000,23.813875000000003],
[1410287400000,22.266249999999996],
[1410534900000,21.101875000000003],
[1410896700000,20.878625],
[1411144200000,21.722375000000007],
[1411564500000,20.33625],
[1411753500000,20.28462500000001],
[1412174700000,18.840625000000006],
[1412363700000,17.480375000000002],
[1412784900000,20.722749999999994],
[1413205200000,20.941124999999992],
[1413394200000,21.561],
[1413810900000,19.208624999999984],
[1413999900000,17.336125000000003],
[1414421100000,15.922000000000002],
[1414611000000,14.554499999999994],
[1415030400000,14.599875000000003],
[1415277900000,14.545000000000012],
[1415639700000,14.097874999999997],
[1415887200000,14.010625000000001],
[1416313800000,13.221499999999997],
[1416589200000,12.779125],
[1417009500000,14.392750000000001],
[1417198500000,13.839374999999995],
[1417618800000,12.381750000000002],
[1417808700000,12.345750000000002],
[1418228100000,11.358999999999998],
[1418648400000,10.541249999999998],
[1418838300000,9.4635],
[1419258600000,9.812625000000008],
[1419620400000,10.484874999999999],
[1420213500000,10.151624999999994],
[1420633800000,8.768499999999998],
[1420822800000,8.915124999999994],
[1421243100000,9.117249999999999],
[1421432100000,9.186499999999999],
[1421852400000,9.450750000000003],
[1422042300000,10.092500000000001],
[1422461700000,9.706375],
[1422882000000,8.554875000000001],
[1423071900000,9.403250000000003],
[1423493100000,9.514999999999999],
[1423683000000,9.157250000000001],
[1424286000000,9.778625000000002],
[1424710800000,9.672874999999998],
[1424958300000,9.485875000000004],
[1425320100000,9.393874999999998],
[1425567600000,9.446125],
[1425929400000,9.189625],
[1426176900000,8.739],
[1426597200000,8.360124999999996],
[1426786200000,8.945875000000004],
[1426884300000,9.076046511627906],
]