[
[1409600700000,23.29566666666667],
[1409771700000,24.0825],
[1409942700000,23.17466666666666],
[1410287400000,22.102166666666673],
[1410458400000,21.100500000000004],
[1410802200000,20.604166666666664],
[1410973200000,21.617833333333326],
[1411144200000,21.614666666666672],
[1411488000000,20.40183333333334],
[1411659000000,20.207666666666668],
[1412003700000,20.258333333333336],
[1412174700000,18.41416666666667],
[1412345700000,17.294],
[1412690400000,19.53683333333334],
[1412861400000,21.046333333333337],
[1413205200000,20.98183333333333],
[1413318600000,21.970000000000006],
[1413488700000,19.680666666666664],
[1413828900000,18.876],
[1413999900000,16.947666666666667],
[1414170900000,16.141666666666666],
[1414515600000,14.797666666666666],
[1414686600000,14.466666666666665],
[1415030400000,14.695833333333328],
[1415201400000,14.607833333333344],
[1415372400000,14.088999999999999],
[1415716200000,14.126333333333328],
[1415887200000,14.048166666666669],
[1416236400000,13.383333333333331],
[1416408300000,12.5485],
[1416838500000,13.548166666666667],
[1417009500000,14.377833333333335],
[1417180500000,14.059833333333327],
[1417524300000,12.688666666666665],
[1417695300000,12.437],
[1417808700000,12.237000000000002],
[1418151600000,11.454666666666666],
[1418322600000,10.828666666666667],
[1418667300000,10.100166666666668],
[1418838300000,9.43483333333333],
[1419009300000,9.78683333333334],
[1419353100000,10.183833333333338],
[1419869700000,10.531500000000003],
[1420213500000,10.096666666666666],
[1420557300000,8.894666666666666],
[1420728300000,8.587833333333334],
[1421072100000,9.206999999999999],
[1421243100000,9.044999999999998],
[1421414100000,9.068999999999997],
[1421757900000,9.452166666666663],
[1421928900000,9.599166666666669],
[1422042300000,10.186],
[1422385200000,9.844833333333334],
[1422556200000,8.979833333333334],
[1422900000000,8.333166666666667],
[1423071900000,9.728166666666674],
[1423242900000,9.700999999999997],
[1423587600000,9.215333333333332],
[1423758600000,9.110166666666661],
[1424286000000,9.907999999999998],
[1424457000000,9.717666666666668],
[1424805300000,9.612499999999999],
[1424976300000,9.296333333333335],
[1425320100000,9.443666666666667],
[1425491100000,9.503833333333331],
[1425662100000,9.25083333333333],
[1426005900000,9.01666666666667],
[1426176900000,8.728333333333332],
[1426520700000,8.36233333333333],
[1426691700000,8.614333333333333],
[1426862700000,9.091000000000003],
[1426884300000,9.160434782608695],
]