[
[1409342400000,22.372000000000003],
[1409600700000,24.219333333333335],
[1409686200000,24.011999999999997],
[1409771700000,24.153],
[1409857200000,23.53933333333333],
[1409942700000,22.810000000000002],
[1410201900000,22.541999999999994],
[1410287400000,21.662333333333333],
[1410372900000,21.049],
[1410458400000,21.151999999999994],
[1410543900000,20.97633333333333],
[1410802200000,20.231999999999996],
[1410887700000,21.28266666666666],
[1410973200000,21.953000000000007],
[1411058700000,21.95133333333333],
[1411144200000,21.278000000000002],
[1411402500000,20.572666666666667],
[1411488000000,20.230999999999998],
[1411573500000,20.12866666666666],
[1411659000000,20.28666666666667],
[1411744500000,20.133333333333333],
[1412003700000,20.383333333333333],
[1412089200000,18.724666666666668],
[1412174700000,18.103666666666662],
[1412260200000,17.277],
[1412345700000,17.310999999999996],
[1412604900000,18.46966666666667],
[1412690400000,20.603999999999996],
[1412775900000,21.42766666666667],
[1412861400000,20.665000000000003],
[1412946900000,21.45133333333333],
[1413205200000,20.512333333333327],
[1413233100000,21.956666666666667],
[1413318600000,21.983333333333334],
[1413403200000,20.267333333333333],
[1413488700000,19.094],
[1413574200000,19.147666666666666],
[1413828900000,18.604333333333333],
[1413914400000,17.00566666666667],
[1413999900000,16.889666666666667],
[1414085400000,16.07166666666667],
[1414170900000,16.211666666666666],
[1414430100000,14.911000000000001],
[1414515600000,14.684333333333333],
[1414601100000,14.649333333333333],
[1414686600000,14.284],
[1414772100000,14.453999999999999],
[1415030400000,14.937666666666669],
[1415115900000,14.672333333333336],
[1415201400000,14.543333333333335],
[1415286900000,14.22],
[1415372400000,13.958000000000002],
[1415630700000,14.304666666666666],
[1415716200000,13.948],
[1415801700000,13.891333333333334],
[1415887200000,14.204999999999997],
[1415978100000,13.648],
[1416236400000,13.118666666666668],
[1416322800000,12.648],
[1416408300000,12.448999999999996],
[1416580200000,12.916],
[1416838500000,14.180333333333333],
[1416924000000,14.495333333333333],
[1417009500000,14.26033333333333],
[1417095000000,14.251999999999999],
[1417180500000,13.867666666666667],
[1417438800000,13.028],
[1417524300000,12.349333333333334],
[1417609800000,12.284333333333333],
[1417695300000,12.589666666666666],
[1417780800000,12.283000000000005],
[1417808700000,12.191],
[1418067000000,11.844666666666663],
[1418151600000,11.06466666666667],
[1418237100000,11.014666666666665],
[1418322600000,10.642666666666665],
[1418408100000,10.467333333333334],
[1418667300000,9.732999999999997],
[1418752800000,9.295],
[1418838300000,9.574666666666667],
[1418923800000,9.879666666666669],
[1419009300000,9.693999999999999],
[1419267600000,9.903000000000002],
[1419353100000,10.46466666666667],
[1419611400000,10.718333333333334],
[1419869700000,10.344666666666663],
[1419955200000,10.286333333333333],
[1420213500000,9.907000000000002],
[1420471800000,9.165],
[1420557300000,8.624333333333334],
[1420642800000,8.418000000000001],
[1420728300000,8.757666666666667],
[1420813800000,9.179666666666668],
[1421072100000,9.234333333333332],
[1421157600000,9.008666666666667],
[1421243100000,9.081333333333333],
[1421328600000,8.863666666666665],
[1421414100000,9.274333333333335],
[1421672400000,9.495999999999999],
[1421757900000,9.408333333333335],
[1421843400000,9.501000000000001],
[1421928900000,9.697333333333331],
[1422014400000,10.229999999999997],
[1422042300000,10.142000000000001],
[1422300600000,9.854666666666668],
[1422385200000,9.834999999999999],
[1422470700000,9.244],
[1422556200000,8.715666666666667],
[1422641700000,8.274333333333335],
[1422900000000,8.392000000000001],
[1422985500000,9.332000000000003],
[1423071900000,10.124333333333333],
[1423157400000,10.050000000000002],
[1423242900000,9.352],
[1423502100000,9.062],
[1423587600000,9.368666666666666],
[1423673100000,8.970333333333334],
[1423758600000,9.250000000000002],
[1423844100000,9.710666666666668],
[1424286000000,10.105333333333332],
[1424371500000,9.8],
[1424457000000,9.635333333333334],
[1424719800000,9.516333333333334],
[1424805300000,9.708666666666666],
[1424890800000,9.302999999999999],
[1424976300000,9.289666666666667],
[1425061800000,9.407333333333334],
[1425320100000,9.48],
[1425405600000,9.574000000000002],
[1425491100000,9.433666666666666],
[1425576600000,9.25],
[1425662100000,9.251666666666667],
[1425920400000,9.178666666666667],
[1426005900000,8.854666666666667],
[1426091400000,8.615666666666666],
[1426176900000,8.841000000000001],
[1426262400000,8.428333333333336],
[1426520700000,8.296333333333333],
[1426606200000,8.401333333333334],
[1426691700000,8.827333333333334],
[1426777200000,9.182333333333334],
[1426862700000,8.999666666666666],
[1426884300000,9.160434782608695],
]