[
[1199455200000,18.96202816901408],
[1199806200000,18.943251509054328],
[1199985300000,18.946132796780685],
[1200336300000,19.0788490945674],
[1200516300000,17.9282615694165],
[1200924000000,17.231010060362173],
[1201102200000,16.695348088531187],
[1201542300000,17.71017706237425],
[1201720500000,17.663863179074447],
[1202311800000,16.988132796780683],
[1202490000000,16.10711468812877],
[1202841000000,16.929142857142864],
[1203019200000,17.973062374245472],
[1203431400000,18.095883299798786],
[1203609600000,18.156406438631787],
[1203960600000,18.32107042253521],
[1204138800000,19.296100603621735],
[1204317000000,19.143533199195176],
[1204725600000,18.65303018108652],
[1204904700000,18.873995975855134],
[1205250300000,18.17835010060362],
[1205424900000,18.33494567404426],
[1205773200000,17.976539235412478],
[1205948700000,17.78113078470825],
[1206387000000,17.436692152917505],
[1206565200000,17.692490945674045],
[1206739800000,17.230772635814887],
[1207142100000,17.86824949698189],
[1207316700000,18.126724346076458],
[1207664100000,18.271766599597584],
[1207838700000,18.13375050301811],
[1208189700000,17.65641448692153],
[1208366100000,17.801923541247486],
[1208541600000,19.191038229376257],
[1209043800000,19.052442655935618],
[1209397500000,19.222293762575454],
[1209573000000,19.28069617706237],
[1210015800000,21.587396378269617],
[1210190400000,20.76714688128772],
[1210365900000,20.4973722334004],
[1210713300000,20.408245472837024],
[1210887900000,20.37007645875251],
[1211289300000,20.888350100603613],
[1211554800000,20.372474849094562],
[1211906700000,20.148792756539233],
[1212081300000,21.22796378269618],
[1212428700000,21.630941649899395],
[1212605100000,20.66016096579477],
[1212785100000,20.700857142857146],
[1213132500000,19.63812877263581],
[1213364700000,19.494913480885305],
[1213713000000,19.825919517102623],
[1213888500000,19.8045754527163],
[1214237700000,19.003356136820923],
[1214412300000,18.54449496981891],
[1214586900000,17.950780684104632],
[1214934300000,17.717380281690136],
[1215108900000,17.563090543259555],
[1215457200000,17.080676056338024],
[1215724500000,17.20744466800805],
[1216126800000,17.123557344064388],
[1216302300000,17.60235412474849],
[1216652400000,18.736567404426555],
[1216827000000,18.67601609657948],
[1217002500000,18.1041569416499],
[1217349900000,17.516410462776662],
[1217526300000,18.153915492957747],
[1217873700000,17.769847082494973],
[1218048300000,18.193698189134807],
[1218222900000,18.196032193158953],
[1218573900000,17.622668008048286],
[1218806100000,17.386708249496973],
[1219155300000,16.86362173038229],
[1219330800000,17.01146076458752],
[1219679100000,17.144929577464794],
[1219853700000,16.650358148893364],
[1220031000000,17.156752515090542],
[1220379300000,16.954587525150902],
[1220553900000,16.884446680080483],
[1220908500000,16.91641448692153],
[1221083100000,16.59582293762575],
[1221484500000,16.826140845070427],
[1221659100000,15.799517102615692],
[1221834600000,15.994591549295771],
[1222182900000,17.072346076458754],
[1222359300000,16.661501006036215],
[1222707600000,16.525561368209253],
[1222883100000,16.879275653923543],
[1223058600000,16.499718309859155],
[1223412300000,14.204144869215297],
[1223588700000,13.840378269617707],
[1223997300000,14.776402414486922],
[1224173700000,14.344233400402416],
[1224521100000,13.183782696177065],
[1224699300000,12.89665593561368],
[1224881100000,10.08483299798793],
[1225287900000,10.256092555331993],
[1225466100000,12.546917505030187],
[1225821600000,15.273806841046277],
[1225999800000,13.90550100603622],
[1226408400000,14.306164989939639],
[1226586600000,13.60189939637827],
[1226940300000,14.12589939637827],
[1227118500000,13.220112676056337],
[1227618900000,12.430531187122737],
[1227797100000,14.328523138832999],
[1228148100000,14.497392354124747],
[1228326300000,14.570185110663983],
[1228504500000,14.766474849094566],
[1228857300000,16.260784708249492],
[1229099400000,16.09125150905433],
[1229450400000,15.941327967806837],
[1229628600000,16.568257545271628],
[1230037200000,15.609730382293757],
[1230566400000,14.395577464788733],
[1230667200000,14.579702380952378],
]