[
[1201008600000,18.089586400591283],
[1203010200000,17.097362404533133],
[1204743600000,18.807327420546944],
[1206545400000,17.814919733924608],
[1208198700000,17.972441389504798],
[1210109400000,20.071201084010852],
[1211906700000,20.41893973885194],
[1213621200000,20.132237201281097],
[1215099900000,18.183052081793544],
[1216846800000,18.059518699186995],
[1218554100000,17.98790943582164],
[1220040000000,16.988917467356497],
[1221750900000,16.278224193151015],
[1223412300000,16.00270273466371],
[1225136700000,12.311342103966492],
[1226931300000,14.013847055925114],
[1228752900000,14.413248977580686],
[1230667200000,15.392417375914748],
]