[
[1200069900000,19.010940179806354],
[1201093200000,17.26973616874136],
[1202331600000,17.18794571230982],
[1203355800000,17.53609094052558],
[1204149600000,18.76647717842324],
[1205167500000,18.669839557399722],
[1205948700000,17.960774896265555],
[1206993600000,17.422989626556017],
[1207775700000,18.231993775933617],
[1208884500000,18.546087136929454],
[1209997800000,19.985747925311202],
[1210776300000,20.5204581604426],
[1211823900000,20.436556708160445],
[1212605100000,21.092483402489634],
[1213621200000,19.696279045643156],
[1214403300000,19.027495159059473],
[1215182700000,17.610368603042886],
[1216228500000,17.083203319502072],
[1217011500000,18.392541493775926],
[1217965500000,17.888816735822957],
[1218806100000,17.616903181189485],
[1219761900000,16.99150726141079],
[1220544900000,16.980707468879658],
[1221502500000,16.626712309820185],
[1222284600000,16.608578492392805],
[1223069400000,16.570876901798062],
[1224089100000,14.546536307053936],
[1224881100000,11.803348201936378],
[1225906200000,13.885055670816044],
[1226931300000,13.98840733056708],
[1227815100000,13.572120677731673],
[1228837500000,15.1904356846473],
[1229695200000,16.295847164591983],
[1230667200000,14.62978971815956],
]