[
[1409848200000,23.959735562310023],
[1410440400000,21.57429483282676],
[1410973200000,21.31141641337386],
[1411564500000,20.490837892603846],
[1412098200000,19.443217831813573],
[1412690400000,18.932459979736578],
[1413223200000,21.156768996960487],
[1413810900000,19.502032421479225],
[1414170900000,16.438551165146908],
[1414763100000,14.460948328267474],
[1415295900000,14.396889564336371],
[1415887200000,14.061452887537989],
[1416571200000,12.70601823708207],
[1417104000000,14.31761702127658],
[1417695300000,12.514391084093216],
[1418228100000,11.45266869300912],
[1418820300000,9.736046605876396],
[1419353100000,10.076484295845999],
[1420462800000,9.930258358662615],
[1420822800000,8.876945288753802],
[1421414100000,9.091267477203647],
[1421946900000,9.740156028368798],
[1422538200000,9.508856129685915],
[1423071900000,9.329503546099291],
[1423664100000,9.226898682877406],
[1424439000000,9.809828774062815],
[1424976300000,9.40439716312057],
[1425567600000,9.428201621073958],
[1426100400000,8.844599797365753],
[1426691700000,8.556782168186423],
[1426884300000,9.10079747561675],
]