[
[1409333400000,22.916761904761902],
[1409582700000,24.01923809523809],
[1409600700000,24.195476190476192],
[1409677200000,23.825142857142858],
[1409753700000,24.553619047619048],
[1409771700000,23.92209523809524],
[1409848200000,23.60285714285714],
[1409924700000,22.988857142857142],
[1409942700000,22.796142857142854],
[1410192900000,22.715333333333334],
[1410269400000,21.803285714285714],
[1410287400000,21.493476190476187],
[1410363900000,21.102047619047617],
[1410440400000,20.900333333333336],
[1410458400000,21.270476190476188],
[1410534900000,20.932571428571425],
[1410553800000,20.27909523809523],
[1410802200000,20.268857142857144],
[1410878700000,21.158238095238097],
[1410896700000,21.84985714285714],
[1410973200000,22.084142857142854],
[1411049700000,21.88552380952381],
[1411067700000,21.691190476190478],
[1411144200000,21.00823809523809],
[1411393500000,20.687809523809516],
[1411411500000,19.907238095238096],
[1411488000000,20.35690476190476],
[1411564500000,20.153428571428574],
[1411582500000,20.358380952380955],
[1411659000000,20.139238095238095],
[1411677900000,19.953428571428574],
[1411753500000,20.83409523809524],
[1412003700000,19.635190476190477],
[1412022600000,18.947619047619046],
[1412098200000,18.290904761904763],
[1412174700000,17.83838095238095],
[1412192700000,17.25433333333333],
[1412269200000,17.085380952380955],
[1412345700000,17.432809523809524],
[1412363700000,18.132380952380952],
[1412613900000,20.304904761904762],
[1412690400000,20.69361904761905],
[1412708400000,21.49695238095238],
[1412784900000,20.591666666666665],
[1412861400000,21.06866666666666],
[1412879400000,21.478],
[1412955900000,20.61804761904762],
[1413205200000,20.49080952380952],
[1413223200000,21.983999999999998],
[1413299700000,21.93971428571428],
[1413318600000,21.918904761904763],
[1413394200000,20.123142857142856],
[1413470700000,19.420142857142856],
[1413488700000,19.00761904761905],
[1413565200000,19.281333333333333],
[1413810900000,18.825619047619043],
[1413828900000,18.473047619047616],
[1413905400000,17.005523809523808],
[1413981900000,16.75938095238095],
[1413999900000,16.89509523809524],
[1414076400000,16.142238095238095],
[1414152900000,15.645952380952378],
[1414170900000,16.63447619047619],
[1414421100000,14.747714285714288],
[1414497600000,14.369904761904762],
[1414515600000,14.828999999999997],
[1414592100000,14.617095238095239],
[1414611000000,14.290666666666667],
[1414686600000,14.29014285714286],
[1414763100000,14.40861904761905],
[1414781100000,14.875142857142857],
[1415030400000,14.867904761904763],
[1415106900000,14.709428571428571],
[1415124900000,14.593714285714286],
[1415201400000,14.466904761904763],
[1415277900000,14.25],
[1415295900000,13.98309523809524],
[1415372400000,13.935857142857142],
[1415621700000,14.344809523809523],
[1415639700000,14.065238095238097],
[1415716200000,13.84504761904762],
[1415735100000,13.898142857142856],
[1415810700000,14.199619047619045],
[1415887200000,14.17195238095238],
[1415905200000,13.823714285714285],
[1415987100000,13.083190476190476],
[1416236400000,13.119761904761903],
[1416313800000,12.667190476190477],
[1416331800000,12.268809523809523],
[1416408300000,12.649666666666668],
[1416571200000,12.744809523809526],
[1416589200000,13.584571428571428],
[1416838500000,14.660095238095238],
[1416857400000,14.303476190476193],
[1416933000000,14.402190476190476],
[1417009500000,14.24547619047619],
[1417027500000,14.24347619047619],
[1417104000000,14.358238095238095],
[1417180500000,13.487142857142858],
[1417198500000,13.123190476190477],
[1417447800000,12.478190476190477],
[1417524300000,12.294857142857142],
[1417542300000,12.359904761904762],
[1417618800000,12.387714285714289],
[1417695300000,12.66252380952381],
[1417713300000,12.275571428571428],
[1417789800000,12.197666666666668],
[1417808700000,12.218380952380953],
[1418057100000,11.91157142857143],
[1418133600000,11.165666666666667],
[1418151600000,11.112809523809524],
[1418228100000,10.996619047619047],
[1418304600000,10.78152380952381],
[1418322600000,10.655666666666667],
[1418399100000,10.479000000000001],
[1418648400000,10.147],
[1418667300000,9.410380952380953],
[1418743800000,9.20552380952381],
[1418820300000,9.49604761904762],
[1418838300000,9.677],
[1418914800000,10.051047619047617],
[1418991300000,9.66857142857143],
[1419009300000,9.694380952380952],
[1419258600000,9.958238095238094],
[1419277500000,10.135095238095237],
[1419353100000,10.661857142857142],
[1419602400000,10.737809523809524],
[1419620400000,10.437047619047618],
[1419869700000,10.350809523809524],
[1419946200000,10.307571428571428],
[1419964200000,10.134619047619047],
[1420213500000,9.709238095238096],
[1420462800000,9.233619047619046],
[1420480800000,8.732714285714286],
[1420557300000,8.562047619047618],
[1420633800000,8.376142857142858],
[1420651800000,8.579619047619047],
[1420728300000,8.907761904761905],
[1420804800000,9.231047619047617],
[1420822800000,9.043285714285714],
[1421072100000,9.359142857142857],
[1421091000000,8.909428571428572],
[1421166600000,9.227619047619049],
[1421243100000,8.914523809523809],
[1421261100000,8.738904761904761],
[1421337600000,9.203238095238095],
[1421414100000,9.32052380952381],
[1421432100000,9.551619047619047],
[1421681400000,9.428761904761906],
[1421757900000,9.408761904761903],
[1421775900000,9.501619047619048],
[1421852400000,9.445666666666666],
[1421928900000,9.867666666666667],
[1421946900000,10.188],
[1422023400000,10.247666666666666],
[1422042300000,10.051809523809524],
[1422290700000,9.84952380952381],
[1422367200000,9.71247619047619],
[1422385200000,10.045761904761903],
[1422461700000,9.172857142857143],
[1422538200000,8.842809523809525],
[1422556200000,8.678380952380953],
[1422632700000,8.240190476190476],
[1422882000000,8.294952380952381],
[1422900000000,8.487428571428572],
[1422976500000,9.289761904761905],
[1423053900000,10.089952380952383],
[1423071900000,10.12409523809524],
[1423148400000,9.967666666666666],
[1423224900000,9.862809523809524],
[1423242900000,9.098095238095238],
[1423493100000,8.949761904761905],
[1423569600000,9.317285714285715],
[1423587600000,9.285952380952379],
[1423664100000,8.99504761904762],
[1423683000000,8.95342857142857],
[1423758600000,9.418285714285714],
[1423835100000,9.66461904761905],
[1423853100000,9.989714285714287],
[1424286000000,10.155761904761905],
[1424362500000,9.762999999999998],
[1424439000000,9.695238095238095],
[1424457000000,9.61042857142857],
[1424710800000,9.51357142857143],
[1424787300000,9.56985714285714],
[1424805300000,9.77695238095238],
[1424881800000,9.217952380952381],
[1424958300000,9.347190476190478],
[1424976300000,9.23452380952381],
[1425052800000,9.377380952380951],
[1425302100000,9.571857142857143],
[1425320100000,9.395666666666667],
[1425396600000,9.634095238095238],
[1425415500000,9.606428571428571],
[1425491100000,9.325333333333335],
[1425567600000,9.25852380952381],
[1425585600000,9.22342857142857],
[1425662100000,9.265714285714285],
[1425911400000,9.168428571428572],
[1425929400000,9.042523809523809],
[1426005900000,8.730619047619047],
[1426082400000,8.588142857142858],
[1426100400000,8.75352380952381],
[1426176900000,8.886714285714286],
[1426253400000,8.448761904761906],
[1426271400000,8.294238095238097],
[1426520700000,8.282238095238096],
[1426597200000,8.392142857142856],
[1426615200000,8.67252380952381],
[1426691700000,8.90547619047619],
[1426710600000,9.223666666666666],
[1426786200000,9.054],
[1426862700000,9.010142857142858],
[1426880700000,9.163000000000002],
[1426884300000,9.251666666666667],
]