[
[1409924700000,23.7554852484472],
[1410534900000,21.323545807453414],
[1411144200000,21.53867080745342],
[1411753500000,20.285000776397517],
[1412363700000,17.739982142857144],
[1413205200000,20.922015527950315],
[1413810900000,19.68853260869564],
[1414421100000,16.155428571428573],
[1415030400000,14.623569875776393],
[1415639700000,14.201917701863353],
[1416313800000,13.380264751552792],
[1417009500000,14.0385100931677],
[1417618800000,12.672458850931676],
[1418228100000,11.533833074534156],
[1418838300000,9.710943322981368],
[1419620400000,10.339180900621118],
[1420633800000,9.037284161490682],
[1421243100000,9.08545108695652],
[1421852400000,9.425047360248445],
[1422461700000,9.791980590062115],
[1423071900000,9.245977484472045],
[1423683000000,9.158548913043479],
[1424710800000,9.727486801242234],
[1425320100000,9.412375],
[1425929400000,9.228768633540373],
[1426597200000,8.454770186335404],
[1426884300000,9.076391292945187],
]