[
[1409591700000,23.883552941176468],
[1409753700000,24.282211764705888],
[1409857200000,23.555027450980393],
[1410192900000,22.767647058823535],
[1410354900000,21.53109019607843],
[1410458400000,21.12563137254902],
[1410793200000,20.44321568627451],
[1410896700000,21.557027450980396],
[1411058700000,21.945960784313723],
[1411393500000,20.92858823529411],
[1411497000000,20.203788235294116],
[1411659000000,20.233223529411767],
[1411763400000,20.715670588235295],
[1412098200000,18.529239215686278],
[1412260200000,17.34726274509804],
[1412363700000,17.820807843137253],
[1412699400000,20.907701960784323],
[1412861400000,20.850823529411763],
[1412964900000,20.885984313725487],
[1413299700000,21.88916862745098],
[1413403200000,20.49133333333334],
[1413565200000,19.150815686274502],
[1413896400000,18.09521568627451],
[1413999900000,16.88566274509804],
[1414161900000,15.9910431372549],
[1414497600000,14.646572549019611],
[1414601100000,14.650611764705884],
[1414763100000,14.356258823529414],
[1415039400000,14.812023529411762],
[1415201400000,14.544329411764707],
[1415363400000,14.022023529411767],
[1415639700000,14.171380392156864],
[1415801700000,13.893709803921569],
[1415905200000,13.989098039215685],
[1416245400000,13.027788235294118],
[1416408300000,12.500847058823533],
[1416599100000,13.589513725490194],
[1416933000000,14.452980392156865],
[1417095000000,14.245780392156862],
[1417198500000,13.337733333333334],
[1417533300000,12.311113725490195],
[1417695300000,12.556705882352944],
[1417798800000,12.200298039215687],
[1418133600000,11.538180392156862],
[1418237100000,11.005403921568627],
[1418399100000,10.561011764705881],
[1418734800000,9.459749019607841],
[1418838300000,9.574956862745099],
[1419000300000,9.77195294117647],
[1419277500000,10.008392156862747],
[1419611400000,10.685670588235293],
[1419946200000,10.334384313725488],
[1420222500000,9.734086274509803],
[1420557300000,8.64981176470588],
[1420719300000,8.582],
[1420822800000,9.102745098039218],
[1421157600000,9.07846274509804],
[1421261100000,8.845631372549018],
[1421423100000,9.364705882352942],
[1421757900000,9.413654901960786],
[1421861400000,9.54089411764706],
[1422023400000,10.22234509803922],
[1422300600000,9.888564705882352],
[1422461700000,9.508854901960783],
[1422623700000,8.610800000000001],
[1422900000000,8.380486274509805],
[1423062900000,9.899160784313725],
[1423224900000,9.968760784313725],
[1423502100000,9.091372549019605],
[1423664100000,9.126580392156862],
[1423767600000,9.350996078431374],
[1424286000000,10.085458823529411],
[1424448000000,9.69870588235294],
[1424787300000,9.538266666666667],
[1424890800000,9.355458823529412],
[1425052800000,9.30857254901961],
[1425387600000,9.453168627450978],
[1425491100000,9.438682352941177],
[1425653100000,9.237764705882356],
[1425929400000,9.115184313725493],
[1426091400000,8.642321568627452],
[1426253400000,8.63072156862745],
[1426529700000,8.286454901960784],
[1426691700000,8.78953725490196],
[1426795200000,9.042839215686273],
[1426884300000,9.163565062388592],
]