[
[1201111200000,17.814936367265464],
[1203449400000,17.40018946107785],
[1205333100000,18.69503369261478],
[1207233900000,17.678899880239516],
[1209150900000,18.60361061876248],
[1211224500000,20.59016479041915],
[1213132500000,20.62215481037924],
[1214945100000,18.53357684630739],
[1216846800000,17.989743552894215],
[1218655800000,17.874487185628745],
[1220471100000,16.973582834331335],
[1222284600000,16.4789005988024],
[1224163800000,14.883795049900197],
[1225999800000,12.931899001996005],
[1228157100000,13.764492934131733],
[1230055200000,15.958986506986028],
[1230667200000,14.462646876932588],
]