[
[1200674700000,18.425088403990035],
[1202747400000,16.82031471321696],
[1204149600000,18.495130798004986],
[1205764200000,18.42421421446383],
[1207233900000,17.67493628428926],
[1208884500000,18.348195261845405],
[1210365900000,20.5177993765586],
[1212009300000,20.54013229426434],
[1213621200000,20.03504226932668],
[1214945100000,18.328777930174564],
[1216415700000,17.597227930174576],
[1217965500000,17.933851246882785],
[1219348800000,17.195292768079796],
[1220908500000,16.898495635910216],
[1222284600000,16.47217044887781],
[1223905500000,14.748311970074809],
[1225296900000,11.561444887780546],
[1226931300000,14.084090648379062],
[1228419900000,14.242120199501256],
[1230055200000,16.01750461346634],
[1230667200000,14.462646876932588],
]