[
[1409753700000,24.115712871287133],
[1410192900000,22.978001980198016],
[1410458400000,21.19125148514851],
[1410896700000,21.085506930693064],
[1411393500000,21.277930693069305],
[1411659000000,20.223998019801975],
[1412098200000,19.185992079207924],
[1412363700000,17.593126732673266],
[1412861400000,20.91764752475248],
[1413299700000,21.502736633663368],
[1413565200000,19.483116831683173],
[1413999900000,17.190122772277224],
[1414497600000,15.243853465346533],
[1414763100000,14.416289108910894],
[1415201400000,14.63907920792079],
[1415639700000,14.133582178217823],
[1415905200000,14.01150099009901],
[1416408300000,12.626140594059407],
[1416933000000,14.270332673267323],
[1417198500000,13.69276831683168],
[1417695300000,12.455142574257422],
[1418133600000,11.817041584158417],
[1418399100000,10.692708910891085],
[1418838300000,9.510841584158412],
[1419277500000,9.900780198019802],
[1419946200000,10.427835643564356],
[1420557300000,8.983954455445545],
[1420822800000,8.972980198019803],
[1421261100000,8.958855445544556],
[1421757900000,9.413843564356435],
[1422023400000,10.023095049504954],
[1422461700000,9.658457425742574],
[1422900000000,8.4068099009901],
[1423224900000,9.978336633663368],
[1423664100000,9.165918811881188],
[1424286000000,9.85583762376237],
[1424787300000,9.583394059405942],
[1425052800000,9.318047524752476],
[1425491100000,9.481308910891086],
[1425929400000,9.17138811881188],
[1426253400000,8.672401980198021],
[1426691700000,8.608988118811883],
[1426884300000,9.10079747561675],
]