[
[1200411900000,18.97443632336655],
[1201635900000,17.357064008859364],
[1203010200000,17.07029656699889],
[1204149600000,18.651842524916944],
[1205333100000,18.56366910299003],
[1206545400000,17.66561860465117],
[1207664100000,18.01476788482835],
[1208884500000,18.430365891472874],
[1210109400000,20.469863344407518],
[1211224500000,20.537891029900333],
[1212441300000,21.079267331118487],
[1213621200000,19.817795791805082],
[1214514900000,18.775097452934666],
[1215724500000,17.265322923588048],
[1216846800000,18.371503654485046],
[1217965500000,17.87559623477298],
[1219092300000,17.41107552602436],
[1220040000000,16.98201063122923],
[1221165900000,16.71463920265781],
[1222284600000,16.51455370985603],
[1223412300000,15.689368770764114],
[1224596700000,13.874444075304538],
[1225737000000,11.940633665559243],
[1226931300000,14.03153510520487],
[1228157100000,13.881923588039877],
[1229356800000,15.925400442967884],
[1230667200000,15.084970707728223],
]