[
[1199899800000,18.86198342541437],
[1200581100000,18.39658317986494],
[1201204800000,17.07077839165132],
[1202331600000,17.053033763044812],
[1203010200000,17.380244321669732],
[1203694200000,18.1630847145488],
[1204317000000,19.18953345610805],
[1205167500000,18.606071209330878],
[1205782200000,18.101818293431545],
[1206545400000,17.605424186617558],
[1207160100000,17.74101964395335],
[1207775700000,18.252936771025173],
[1208449800000,17.97794659300184],
[1209397500000,19.151538367096382],
[1210109400000,20.980408839779006],
[1210776300000,20.448726212400242],
[1211390100000,20.671508287292824],
[1212155100000,20.91961141804788],
[1212774300000,20.806179251074273],
[1213621200000,19.573101903007977],
[1214237700000,19.418475751995086],
[1214851500000,18.052092694904843],
[1215522000000,17.241867403314917],
[1216228500000,17.07855616942909],
[1216846800000,18.68143093922652],
[1217517300000,17.871378759975446],
[1218131100000,18.103370779619397],
[1218806100000,17.498044198895027],
[1219422600000,17.022079189686924],
[1220040000000,16.98193554327809],
[1220888700000,16.82885512584408],
[1221502500000,16.588429711479442],
[1222119900000,16.604632903621848],
[1222791300000,16.430950276243102],
[1223412300000,15.183624309392258],
[1224089100000,14.707193984039288],
[1224767700000,12.987747697974223],
[1225390500000,11.032923879680787],
[1226075400000,14.317925721301416],
[1226931300000,14.000677102516878],
[1227647700000,12.805611418047878],
[1228326300000,14.501483118477593],
[1229014800000,16.058419275629216],
[1229695200000,16.33526151012891],
[1230667200000,14.62978971815956],
]