[
[1199464200000,18.842175925925925],
[1199826000000,18.98301234567901],
[1200069900000,19.22357407407408],
[1200431700000,18.585469135802473],
[1200674700000,17.510981481481483],
[1201093200000,16.796873456790124],
[1201542300000,17.626530864197527],
[1201787100000,17.645126543209873],
[1202331600000,16.582228395061726],
[1202747400000,16.20715432098766],
[1202936400000,17.695845679012347],
[1203355800000,17.800379629629628],
[1203544800000,18.128055555555562],
[1203960600000,18.313330246913583],
[1204149600000,19.38112037037038],
[1204565400000,18.922722222222216],
[1204755300000,18.891990740740745],
[1205167500000,18.3459537037037],
[1205351100000,18.540604938271603],
[1205764200000,18.150944444444445],
[1205948700000,17.765243827160493],
[1206451800000,17.40917901234568],
[1206637200000,17.656867283950618],
[1206993600000,17.25421913580247],
[1207233900000,18.11754320987655],
[1207590300000,18.193734567901235],
[1207775700000,18.24244444444445],
[1208189700000,17.68564197530864],
[1208375100000,17.938953703703707],
[1208884500000,19.27097222222222],
[1209132900000,19.04345987654321],
[1209490200000,19.4251913580247],
[1209997800000,20.99993827160494],
[1210181400000,20.988543209876546],
[1210365900000,20.5079012345679],
[1210776300000,20.367151234567903],
[1210959900000,20.530006172839506],
[1211318100000,20.800163580246913],
[1211823900000,20.138848765432094],
[1212009300000,20.950314814814817],
[1212419700000,21.6530925925926],
[1212605100000,20.69962345679013],
[1213020900000,20.656882716049385],
[1213204500000,19.415774691358028],
[1213621200000,19.67314197530864],
[1213805700000,20.121277777777777],
[1213991100000,19.311944444444446],
[1214403300000,18.508987654320997],
[1214586900000,18.007922839506175],
[1214945100000,17.68344444444444],
[1215182700000,17.373033950617284],
[1215540000000,16.99202469135803],
[1216044000000,17.22141049382716],
[1216228500000,17.038614197530865],
[1216415700000,18.625064814814817],
[1216827000000,18.670083333333334],
[1217011500000,17.9884012345679],
[1217425500000,17.6171975308642],
[1217609100000,18.166037037037043],
[1217965500000,17.777685185185188],
[1218204900000,18.270314814814817],
[1218563100000,17.742657407407407],
[1218806100000,17.378151234567902],
[1219164300000,16.804179012345674],
[1219348800000,17.046944444444442],
[1219761900000,16.935293209876544],
[1219946400000,16.967012345679017],
[1220361300000,16.87849691358024],
[1220544900000,16.97166975308642],
[1220908500000,16.88387037037037],
[1221146100000,16.54370679012346],
[1221502500000,16.523447530864193],
[1221687900000,15.443543209876545],
[1222099200000,17.110845679012343],
[1222284600000,16.61773765432098],
[1222698600000,16.723765432098766],
[1222883100000,16.798950617283953],
[1223069400000,16.26622222222222],
[1223486100000,14.25957098765432],
[1223905500000,13.031311728395064],
[1224089100000,15.509435185185183],
[1224276300000,13.317222222222224],
[1224690300000,13.201444444444444],
[1224881100000,10.218379629629629],
[1225296900000,10.473975308641975],
[1225719000000,12.894370370370373],
[1225906200000,15.347891975308645],
[1226323800000,13.851243827160499],
[1226511000000,13.849253086419754],
[1226931300000,14.13775617283951],
[1227118500000,13.28916358024691],
[1227627900000,12.641216049382717],
[1227815100000,14.530895061728398],
[1228232700000,14.288132716049379],
[1228419900000,14.88801234567901],
[1228837500000,15.906138888888892],
[1229090400000,16.22798456790123],
[1229450400000,15.957552469135802],
[1229695200000,16.54085185185185],
[1230055200000,15.366691358024694],
[1230651000000,14.358851851851854],
[1230667200000,14.655087719298242],
]