[
[1409677200000,23.878793209876545],
[1409924700000,23.51683950617284],
[1410287400000,21.987262345679017],
[1410534900000,21.097697530864195],
[1410896700000,21.197583333333334],
[1411144200000,21.516885802469133],
[1411564500000,20.21331172839506],
[1411753500000,20.357432098765432],
[1412174700000,18.359858024691363],
[1412363700000,17.632910493827165],
[1412784900000,20.95657407407408],
[1413205200000,20.849709876543212],
[1413394200000,21.264509259259263],
[1413810900000,19.06052160493827],
[1413999900000,17.012018518518513],
[1414421100000,15.75993209876543],
[1414611000000,14.553271604938267],
[1415030400000,14.740672839506173],
[1415277900000,14.465682098765429],
[1415639700000,14.143669753086419],
[1415887200000,14.078734567901234],
[1416313800000,12.995404320987648],
[1416589200000,13.011003086419754],
[1417009500000,14.366283950617284],
[1417198500000,13.5845462962963],
[1417618800000,12.334611111111109],
[1417808700000,12.250052469135799],
[1418228100000,11.162962962962963],
[1418648400000,10.417675925925925],
[1418838300000,9.492987654320988],
[1419258600000,9.811163580246912],
[1419620400000,10.579407407407407],
[1420213500000,10.036503086419753],
[1420633800000,8.568996913580248],
[1420822800000,9.040234567901235],
[1421243100000,9.067854938271607],
[1421432100000,9.343333333333335],
[1421852400000,9.455990740740742],
[1422042300000,10.143759259259264],
[1422461700000,9.609299382716047],
[1422882000000,8.390873456790125],
[1423071900000,9.790419753086422],
[1423493100000,9.258533950617283],
[1423683000000,9.06112962962963],
[1424286000000,9.952456790123458],
[1424710800000,9.61039197530864],
[1424958300000,9.416391975308644],
[1425320100000,9.444901234567897],
[1425567600000,9.378123456790126],
[1425929400000,9.156734567901232],
[1426176900000,8.766601851851853],
[1426597200000,8.329891975308644],
[1426786200000,9.059533950617285],
[1426884300000,9.135380549682878],
]