[
[1199388600000,19.035666666666664],
[1199730600000,18.797163934426226],
[1199899800000,18.8297431693989],
[1200069900000,19.316546448087433],
[1200411900000,18.80754644808743],
[1200581100000,17.819918032786887],
[1200924000000,17.18510382513662],
[1201093200000,16.802278688524588],
[1201204800000,17.540366120218582],
[1201635900000,17.797928961748628],
[1201805100000,17.45826775956284],
[1202331600000,16.42048087431694],
[1202499000000,16.121770491803282],
[1202841000000,17.009256830601096],
[1203010200000,18.065573770491802],
[1203355800000,17.82129508196721],
[1203525000000,18.07736612021858],
[1203694200000,18.265191256830594],
[1204036200000,18.484109289617486],
[1204149600000,19.5160218579235],
[1204317000000,19.094240437158465],
[1204659000000,18.68448087431694],
[1204829100000,19.049191256830603],
[1205167500000,18.248568306010927],
[1205333100000,18.504207650273226],
[1205444700000,18.285934426229506],
[1205782200000,17.74538797814207],
[1205948700000,17.79081420765027],
[1206378000000,17.4003825136612],
[1206545400000,17.76987431693989],
[1206711000000,17.502754098360658],
[1206993600000,17.2653825136612],
[1207160100000,18.191759562841533],
[1207325700000,18.08497267759563],
[1207664100000,18.29227322404372],
[1207775700000,18.194961748633883],
[1207941300000,17.78712568306011],
[1208281500000,17.528442622950816],
[1208449800000,18.477956284153],
[1208884500000,19.327262295081965],
[1209058200000,19.009087431693988],
[1209397500000,19.246360655737707],
[1209564000000,19.26985245901639],
[1209997800000,21.31274863387978],
[1210109400000,21.16595628415301],
[1210272300000,20.645797814207643],
[1210610700000,20.4496174863388],
[1210776300000,20.321278688524583],
[1210887900000,20.392928961748638],
[1211224500000,20.857032786885238],
[1211390100000,20.570513661202185],
[1211823900000,20.110027322404374],
[1211989500000,20.646781420765027],
[1212155100000,21.331207650273225],
[1212441300000,21.499786885245907],
[1212605100000,20.62409289617486],
[1212774300000,20.757355191256835],
[1213112700000,19.967409836065574],
[1213278300000,19.20861202185792],
[1213621200000,19.714704918032783],
[1213731000000,20.188721311475412],
[1213897500000,19.62079234972678],
[1214237700000,18.951344262295084],
[1214403300000,18.463491803278686],
[1214514900000,18.126169398907113],
[1214851500000,17.834049180327867],
[1215017100000,17.670568306010928],
[1215182700000,17.308480874316935],
[1215522000000,17.067081967213117],
[1215724500000,17.236721311475407],
[1216062000000,17.161715846994536],
[1216228500000,17.074939890710382],
[1216395000000,18.483333333333338],
[1216735200000,18.603573770491806],
[1216846800000,18.773043715846992],
[1217011500000,17.856278688524593],
[1217349900000,17.500322404371587],
[1217517300000,18.171245901639345],
[1217855700000,18.047890710382514],
[1217965500000,17.809710382513664],
[1218131100000,18.347486338797815],
[1218471300000,18.02844808743169],
[1218637800000,17.496098360655736],
[1218806100000,17.401322404371587],
[1219092300000,16.96022950819672],
[1219257000000,16.873021857923497],
[1219422600000,17.19246994535519],
[1219761900000,16.87383606557377],
[1219928400000,16.753245901639342],
[1220040000000,17.124245901639345],
[1220379300000,16.965819672131147],
[1220544900000,16.95311475409836],
[1220888700000,16.795628415300545],
[1221054300000,16.710065573770493],
[1221165900000,16.563109289617486],
[1221502500000,16.44350273224044],
[1221668100000,15.66169945355191],
[1221834600000,16.095218579234974],
[1222119900000,17.163994535519127],
[1222284600000,16.576295081967213],
[1222451100000,16.825568306010926],
[1222791300000,16.06905464480875],
[1222956900000,17.24627868852459],
[1223069400000,16.119841530054646],
[1223412300000,14.198273224043716],
[1223577900000,14.097360655737706],
[1223923500000,13.677213114754098],
[1224089100000,15.533398907103821],
[1224256500000,13.360978142076501],
[1224596700000,13.33331693989071],
[1224767700000,12.433032786885247],
[1224881100000,9.957387978142076],
[1225221300000,10.134704918032789],
[1225390500000,12.195409836065577],
[1225737000000,14.017393442622948],
[1225906200000,15.34746994535519],
[1226075400000,13.666508196721313],
[1226417400000,14.206814207650275],
[1226586600000,13.57055191256831],
[1226931300000,14.17882513661202],
[1227100500000,13.523311475409834],
[1227534300000,11.868300546448088],
[1227647700000,13.230142076502732],
[1227815100000,14.646841530054642],
[1228157100000,14.301158469945353],
[1228326300000,14.606185792349725],
[1228495500000,14.856994535519123],
[1228837500000,16.127792349726775],
[1229014800000,16.40442076502732],
[1229356800000,16.128010928961746],
[1229526000000,16.12477049180328],
[1229695200000,16.5515956284153],
[1230037200000,15.532043715846992],
[1230557400000,14.41195081967213],
[1230667200000,14.54697253068381],
]