[
[1199712600000,18.79481386138614],
[1199976300000,18.860089108910895],
[1200411900000,18.953176237623758],
[1200674700000,17.570354455445546],
[1201111200000,16.64647326732674],
[1201635900000,17.79791287128713],
[1202311800000,17.112889108910892],
[1202747400000,16.181782178217816],
[1203010200000,17.859366336633663],
[1203449400000,18.094728712871284],
[1203712200000,18.223582178217825],
[1204149600000,19.259251485148514],
[1204641000000,18.94036831683168],
[1204904700000,18.871378217821782],
[1205333100000,18.38184950495049],
[1205764200000,18.17075643564356],
[1206022500000,17.602629702970297],
[1206545400000,17.681599999999996],
[1206975600000,17.266102970297034],
[1207233900000,18.06984356435644],
[1207664100000,18.229948514851483],
[1207923300000,18.05340198019802],
[1208357100000,17.60512079207921],
[1208884500000,19.187025742574264],
[1209150900000,19.04969702970297],
[1209582000000,19.357687128712872],
[1210109400000,21.315849504950492],
[1210365900000,20.526372277227726],
[1210794300000,20.310659405940594],
[1211224500000,20.759558415841585],
[1211572800000,20.295005940594066],
[1212009300000,20.826976237623768],
[1212441300000,21.520774257425753],
[1212705900000,20.742586138613856],
[1213132500000,19.824536633663364],
[1213621200000,19.616536633663365],
[1213825500000,19.97932871287129],
[1214257500000,18.929130693069308],
[1214514900000,18.28077821782178],
[1214945100000,17.7077900990099],
[1215200700000,17.25006930693069],
[1215724500000,17.156463366336638],
[1216155600000,16.933285148514855],
[1216415700000,18.522297029702973],
[1216846800000,18.71083168316832],
[1217277900000,17.694047524752477],
[1217537100000,18.124665346534652],
[1217965500000,17.78686534653465],
[1218222900000,18.237532673267324],
[1218655800000,17.45085346534653],
[1219092300000,17.085289108910892],
[1219348800000,17.006023762376238],
[1219779900000,16.809451485148514],
[1220040000000,17.098144554455445],
[1220471100000,17.009061386138615],
[1220908500000,16.845788118811882],
[1221165900000,16.564152475247518],
[1221594300000,15.98774653465347],
[1221852600000,16.449742574257428],
[1222284600000,16.677976237623763],
[1222717500000,16.414663366336637],
[1222974900000,16.90846138613861],
[1223412300000,14.441825742574258],
[1223905500000,13.208637623762375],
[1224163800000,15.087665346534651],
[1224596700000,13.304122772277227],
[1224861300000,11.26956633663366],
[1225296900000,10.358423762376237],
[1225737000000,13.559655445544557],
[1225999800000,14.28651881188119],
[1226437200000,14.116734653465343],
[1226931300000,14.063639603960397],
[1227283200000,12.84077227722772],
[1227721500000,13.5180495049505],
[1228157100000,14.428673267326737],
[1228419900000,14.834493069306928],
[1228857300000,16.045598019801982],
[1229356800000,16.16007326732673],
[1229619600000,16.42829306930693],
[1230055200000,15.490960396039602],
[1230667200000,14.462646876932588],
]