[
[1409342400000,23.201247311827952],
[1409600700000,24.23447311827957],
[1409686200000,24.211677419354835],
[1409771700000,24.00827956989247],
[1409857200000,23.409505376344086],
[1409942700000,22.79791397849463],
[1410201900000,22.36787096774194],
[1410287400000,21.573720430107524],
[1410372900000,20.908387096774195],
[1410458400000,21.235053763440867],
[1410543900000,20.807978494623654],
[1410802200000,20.2541935483871],
[1410887700000,21.68318279569893],
[1410973200000,22.02836559139785],
[1411058700000,21.876623655913978],
[1411144200000,21.110989247311824],
[1411402500000,20.290881720430104],
[1411488000000,20.319032258064517],
[1411573500000,20.134021505376342],
[1411659000000,20.212903225806453],
[1411744500000,20.24593548387097],
[1412003700000,20.000881720430108],
[1412089200000,18.539462365591397],
[1412174700000,17.960000000000004],
[1412260200000,17.216129032258063],
[1412345700000,17.39791397849462],
[1412604900000,18.847096774193552],
[1412690400000,20.655462365591397],
[1412775900000,21.38451612903226],
[1412861400000,20.869956989247314],
[1412946900000,21.408086021505373],
[1413205200000,20.504473118279574],
[1413233100000,22.071419354838707],
[1413318600000,21.983096774193548],
[1413403200000,20.1356559139785],
[1413488700000,19.02195698924731],
[1413574200000,19.138408602150538],
[1413828900000,18.51255913978495],
[1413914400000,16.85784946236559],
[1413999900000,16.909247311827954],
[1414085400000,15.927784946236557],
[1414170900000,16.457290322580647],
[1414430100000,14.447870967741938],
[1414515600000,14.781139784946234],
[1414601100000,14.571698924731185],
[1414686600000,14.285849462365592],
[1414772100000,14.500344086021506],
[1415030400000,14.918903225806451],
[1415115900000,14.653483870967742],
[1415201400000,14.506752688172044],
[1415286900000,14.085268817204302],
[1415372400000,13.94415053763441],
[1415630700000,14.226817204301076],
[1415716200000,13.889677419354838],
[1415801700000,13.918752688172043],
[1415887200000,14.178752688172045],
[1415978100000,13.439526881720429],
[1416236400000,13.13036559139785],
[1416322800000,12.55524731182796],
[1416408300000,12.568817204301075],
[1416580200000,13.068752688172045],
[1416838500000,14.444129032258065],
[1416924000000,14.541290322580647],
[1417009500000,14.23384946236559],
[1417095000000,14.23789247311828],
[1417180500000,13.6407311827957],
[1417438800000,12.898559139784947],
[1417524300000,12.31436559139785],
[1417609800000,12.28458064516129],
[1417695300000,12.643655913978492],
[1417780800000,12.260129032258064],
[1417808700000,12.201677419354839],
[1418067000000,11.74563440860215],
[1418151600000,11.080408602150536],
[1418237100000,10.944946236559144],
[1418322600000,10.629032258064516],
[1418408100000,10.39511827956989],
[1418667300000,9.547118279569892],
[1418752800000,9.381741935483872],
[1418838300000,9.63352688172043],
[1418923800000,9.88079569892473],
[1419009300000,9.69843010752688],
[1419267600000,9.945376344086021],
[1419353100000,10.590086021505376],
[1419611400000,10.65427956989247],
[1419869700000,10.335376344086024],
[1419955200000,10.230215053763443],
[1420213500000,9.796236559139786],
[1420471800000,8.994322580645163],
[1420557300000,8.585591397849461],
[1420642800000,8.431784946236558],
[1420728300000,8.843139784946235],
[1420813800000,9.13206451612903],
[1421072100000,9.311225806451613],
[1421157600000,9.041763440860215],
[1421243100000,8.995290322580646],
[1421328600000,8.922924731182796],
[1421414100000,9.298279569892472],
[1421672400000,9.47141935483871],
[1421757900000,9.407333333333334],
[1421843400000,9.404344086021506],
[1421928900000,9.799827956989247],
[1422014400000,10.218451612903225],
[1422042300000,10.088150537634407],
[1422300600000,9.85858064516129],
[1422385200000,9.941698924731183],
[1422470700000,9.158688172043012],
[1422556200000,8.683139784946237],
[1422641700000,8.21341935483871],
[1422900000000,8.44709677419355],
[1422985500000,9.541333333333334],
[1423071900000,10.14232258064516],
[1423157400000,10.071182795698924],
[1423242900000,9.18258064516129],
[1423502100000,9.126236559139787],
[1423587600000,9.340279569892472],
[1423673100000,8.941354838709678],
[1423758600000,9.354602150537636],
[1423844100000,9.827075268817204],
[1424286000000,10.137913978494622],
[1424371500000,9.783806451612902],
[1424457000000,9.617956989247313],
[1424719800000,9.4914623655914],
[1424805300000,9.75559139784946],
[1424890800000,9.23279569892473],
[1424976300000,9.256301075268818],
[1425061800000,9.483505376344084],
[1425320100000,9.436559139784947],
[1425405600000,9.608645161290324],
[1425491100000,9.365397849462367],
[1425576600000,9.227806451612905],
[1425662100000,9.261892473118278],
[1425920400000,9.15163440860215],
[1426005900000,8.778537634408604],
[1426091400000,8.63683870967742],
[1426176900000,8.86737634408602],
[1426262400000,8.346838709677419],
[1426520700000,8.288860215053766],
[1426606200000,8.450129032258065],
[1426691700000,8.880473118279568],
[1426777200000,9.171225806451613],
[1426862700000,8.996817204301074],
[1426884300000,9.188913043478262],
]