[
[1409582700000,23.62873170731707],
[1409677200000,23.88698780487805],
[1409771700000,24.09841463414634],
[1409924700000,23.196902439024395],
[1410192900000,22.759036585365852],
[1410287400000,21.635512195121954],
[1410440400000,20.926707317073173],
[1410534900000,21.103707317073166],
[1410802200000,20.273500000000002],
[1410896700000,21.7189024390244],
[1411049700000,21.988329268292684],
[1411144200000,21.222780487804883],
[1411411500000,20.12263414634146],
[1411564500000,20.198743902439027],
[1411659000000,20.236219512195117],
[1411753500000,20.5370487804878],
[1412022600000,19.14169512195122],
[1412174700000,18.028475609756097],
[1412269200000,17.140170731707315],
[1412363700000,17.907914634146344],
[1412690400000,20.580597560975615],
[1412784900000,20.93562195121951],
[1412879400000,21.378048780487806],
[1413205200000,20.557390243902436],
[1413299700000,21.974365853658536],
[1413394200000,20.68589024390244],
[1413488700000,19.126621951219512],
[1413810900000,18.98909756097561],
[1413905400000,17.44451219512195],
[1413999900000,16.887853658536585],
[1414152900000,15.79063414634146],
[1414421100000,15.482268292682928],
[1414515600000,14.705329268292687],
[1414611000000,14.419304878048784],
[1414763100000,14.370414634146341],
[1415030400000,14.902487804878046],
[1415124900000,14.630804878048782],
[1415277900000,14.357499999999998],
[1415372400000,13.950219512195122],
[1415639700000,14.148182926829268],
[1415735100000,13.871304878048779],
[1415887200000,14.172963414634143],
[1415987100000,13.285670731707315],
[1416313800000,12.816658536585363],
[1416408300000,12.515707317073172],
[1416589200000,13.325817073170732],
[1416857400000,14.433597560975612],
[1417009500000,14.281475609756095],
[1417104000000,14.306048780487801],
[1417198500000,13.243134146341463],
[1417524300000,12.35041463414634],
[1417618800000,12.34829268292683],
[1417713300000,12.386829268292685],
[1417808700000,12.200695121951222],
[1418133600000,11.439292682926832],
[1418228100000,11.063146341463414],
[1418322600000,10.65293902439024],
[1418648400000,10.26470731707317],
[1418743800000,9.245536585365853],
[1418838300000,9.60529268292683],
[1418991300000,9.780390243902438],
[1419258600000,9.857378048780486],
[1419353100000,10.501658536585367],
[1419620400000,10.540878048780487],
[1419946200000,10.335926829268292],
[1420213500000,9.86001219512195],
[1420480800000,8.877231707317073],
[1420633800000,8.430512195121953],
[1420728300000,8.788231707317072],
[1420822800000,9.090743902439023],
[1421091000000,9.039268292682927],
[1421243100000,9.03810975609756],
[1421337600000,9.05518292682927],
[1421432100000,9.486280487804876],
[1421757900000,9.406439024390242],
[1421852400000,9.433817073170733],
[1421946900000,10.123036585365853],
[1422042300000,10.118158536585367],
[1422367200000,9.77539024390244],
[1422461700000,9.454036585365852],
[1422556200000,8.725426829268294],
[1422882000000,8.261926829268294],
[1422976500000,9.004158536585363],
[1423071900000,10.110182926829271],
[1423224900000,9.946829268292683],
[1423493100000,8.991280487804877],
[1423587600000,9.345951219512196],
[1423683000000,8.954121951219513],
[1423835100000,9.56391463414634],
[1424286000000,10.115060975609756],
[1424439000000,9.732963414634145],
[1424710800000,9.550536585365855],
[1424805300000,9.719792682926828],
[1424958300000,9.296682926829268],
[1425052800000,9.315243902439024],
[1425320100000,9.461195121951219],
[1425415500000,9.610378048780488],
[1425567600000,9.282695121951221],
[1425662100000,9.253804878048781],
[1425929400000,9.093292682926831],
[1426082400000,8.62309756097561],
[1426176900000,8.844939024390245],
[1426271400000,8.329060975609757],
[1426597200000,8.345146341463415],
[1426691700000,8.835585365853659],
[1426786200000,9.112817073170731],
[1426880700000,9.114341463414636],
[1426884300000,9.251666666666667],
]