[
[1199806200000,18.884875379939214],
[1200336300000,19.094587639311044],
[1200924000000,17.484142857142864],
[1201542300000,17.311320162107393],
[1202311800000,17.247559270516714],
[1202841000000,16.592178318135765],
[1203431400000,17.96672036474164],
[1203960600000,18.265322188449847],
[1204317000000,19.263595744680853],
[1204904700000,18.855386018237084],
[1205424900000,18.34029787234042],
[1205948700000,17.805299898682875],
[1206565200000,17.622241134751768],
[1207142100000,17.609257345491386],
[1207664100000,18.19919452887538],
[1208189700000,17.833197568389064],
[1208541600000,18.731632218844982],
[1209397500000,19.141015197568382],
[1210015800000,20.868065856129693],
[1210365900000,20.591917933130688],
[1210887900000,20.345676798378925],
[1211554800000,20.559143870314067],
[1212081300000,20.879892603850042],
[1212605100000,20.968681864235045],
[1213132500000,20.027262411347518],
[1213713000000,19.721273556231],
[1214237700000,19.287954407294833],
[1214586900000,18.198810536980755],
[1215108900000,17.619551165146905],
[1215724500000,17.133533941236063],
[1216302300000,17.320566362715297],
[1216827000000,18.671324214792303],
[1217349900000,17.687944275582574],
[1217873700000,17.946337386018232],
[1218222900000,18.22429381965552],
[1218806100000,17.425764944275585],
[1219330800000,16.921669706180342],
[1219853700000,16.799026342451878],
[1220379300000,16.994202634245184],
[1220908500000,16.841635258358664],
[1221484500000,16.719572441742653],
[1221834600000,15.801353596757846],
[1222359300000,16.747245187436675],
[1222883100000,16.637671732522797],
[1223412300000,14.833454913880441],
[1223997300000,14.155146909827762],
[1224521100000,13.487053698074975],
[1224881100000,11.017679837892603],
[1225466100000,11.802389057750759],
[1225999800000,14.487059777102328],
[1226586600000,13.826143870314088],
[1227118500000,13.57683282674772],
[1227797100000,13.683946301925028],
[1228326300000,14.487226950354609],
[1228857300000,15.810125633232017],
[1229450400000,16.01798986828774],
[1230037200000,15.97722391084093],
[1230667200000,14.472003988035892],
]