[
[1199826000000,18.909565993788824],
[1200431700000,18.836746894409938],
[1201093200000,16.99272127329192],
[1201787100000,17.67231133540373],
[1202747400000,16.26658385093167],
[1203355800000,17.790354813664592],
[1203960600000,18.255690217391308],
[1204565400000,19.131215062111806],
[1205167500000,18.58215372670807],
[1205764200000,18.258309006211174],
[1206451800000,17.481578416149066],
[1206993600000,17.36080124223603],
[1207590300000,18.154203416149066],
[1208189700000,17.87998447204969],
[1208884500000,18.863614906832296],
[1209490200000,19.295468167701866],
[1210181400000,21.100456521739137],
[1210776300000,20.43515295031056],
[1211318100000,20.728769409937897],
[1212009300000,20.609882763975154],
[1212605100000,21.02127329192547],
[1213204500000,19.839519409937882],
[1213805700000,19.961267080745344],
[1214403300000,18.756694099378887],
[1214945100000,17.79230046583852],
[1215540000000,17.107359472049698],
[1216228500000,17.071186335403723],
[1216827000000,18.65461801242236],
[1217425500000,17.704141304347825],
[1217965500000,17.87137111801242],
[1218563100000,17.93475388198757],
[1219164300000,17.01704580745342],
[1219761900000,17.018513198757766],
[1220361300000,16.951013198757767],
[1220908500000,16.84968555900621],
[1221502500000,16.575588509316766],
[1222099200000,16.49256366459627],
[1222698600000,16.71590605590062],
[1223069400000,16.55645652173913],
[1223905500000,13.527458074534154],
[1224276300000,13.960370341614905],
[1224881100000,11.231508540372676],
[1225719000000,12.132782608695651],
[1226323800000,14.210155279503107],
[1226931300000,13.99306754658385],
[1227627900000,12.667579968944096],
[1228232700000,14.406215062111803],
[1228837500000,15.455174689440987],
[1229450400000,16.04598913043479],
[1230055200000,15.785686335403728],
[1230667200000,14.462646876932588],
]