[
[1409686200000,24.01344078144078],
[1409942700000,23.173064713064708],
[1410372900000,21.377177045177046],
[1410802200000,20.577413919413925],
[1411058700000,21.92151404151404],
[1411488000000,20.422813186813187],
[1411744500000,20.188932844932847],
[1412174700000,18.48875702075702],
[1412604900000,17.993829059829064],
[1412861400000,20.936512820512814],
[1413233100000,21.425067155067158],
[1413488700000,19.790043956043952],
[1413914400000,17.753528693528704],
[1414170900000,16.255765567765565],
[1414601100000,14.64030036630037],
[1415030400000,14.70556043956044],
[1415286900000,14.357548229548229],
[1415716200000,14.050989010989012],
[1415978100000,13.837758241758245],
[1416408300000,12.595777777777776],
[1416924000000,14.263514041514036],
[1417180500000,14.009987789987791],
[1417609800000,12.371804639804642],
[1417808700000,12.271682539682542],
[1418237100000,11.10820757020757],
[1418667300000,10.050217338217339],
[1418923800000,9.728271062271062],
[1419353100000,10.209489621489624],
[1419955200000,10.340131868131868],
[1420557300000,8.913848595848595],
[1420813800000,8.958376068376069],
[1421243100000,9.07720390720391],
[1421672400000,9.356964590964592],
[1421928900000,9.599621489621489],
[1422300600000,9.986083028083025],
[1422556200000,9.017616605616606],
[1422985500000,8.921675213675213],
[1423242900000,9.657577533577532],
[1423673100000,9.114300366300368],
[1424286000000,9.90544810744811],
[1424719800000,9.581575091575091],
[1424976300000,9.335257631257631],
[1425405600000,9.53139194139194],
[1425662100000,9.262666666666668],
[1426091400000,8.749953601953603],
[1426520700000,8.395074481074483],
[1426777200000,8.985628815628816],
[1426884300000,9.11276030747729],
]