[
[1199370600000,19.334024390243897],
[1199464200000,18.626768292682925],
[1199730600000,18.872963414634143],
[1199826000000,19.019426829268287],
[1199976300000,18.81689024390244],
[1200069900000,19.3684512195122],
[1200336300000,18.974768292682928],
[1200431700000,18.36391463414634],
[1200581100000,17.767975609756103],
[1200674700000,17.387609756097564],
[1200942000000,16.729207317073175],
[1201093200000,16.820878048780486],
[1201186800000,16.891317073170732],
[1201542300000,17.818878048780487],
[1201635900000,17.799170731707317],
[1201787100000,17.551329268292687],
[1201880700000,17.22462195121951],
[1202331600000,16.249060975609755],
[1202481000000,16.112341463414634],
[1202747400000,16.27641463414634],
[1202841000000,17.192439024390247],
[1202936400000,17.970658536585365],
[1203085800000,17.705719512195124],
[1203355800000,17.936756097560973],
[1203449400000,18.226353658536585],
[1203544800000,18.137670731707313],
[1203694200000,18.267048780487805],
[1203960600000,18.376841463414628],
[1204054200000,18.83182926829268],
[1204149600000,19.63942682926829],
[1204299000000,19.334353658536582],
[1204565400000,18.758353658536585],
[1204659000000,18.611756097560974],
[1204755300000,19.078548780487807],
[1204904700000,18.741036585365855],
[1205167500000,18.17858536585366],
[1205259300000,18.260048780487807],
[1205351100000,18.61112195121951],
[1205444700000,18.307073170731705],
[1205764200000,18.041048780487802],
[1205856000000,17.65493902439025],
[1205948700000,17.770658536585366],
[1206040500000,17.25398780487805],
[1206451800000,17.44228048780488],
[1206545400000,17.81515853658537],
[1206637200000,17.607585365853662],
[1206729000000,17.196768292682926],
[1206993600000,17.324292682926828],
[1207142100000,18.035646341463412],
[1207233900000,18.094158536585365],
[1207325700000,18.08387804878049],
[1207590300000,18.29282926829269],
[1207682100000,18.47008536585366],
[1207775700000,18.101524390243902],
[1207923300000,17.950853658536584],
[1208189700000,17.569487804878047],
[1208281500000,17.546109756097557],
[1208375100000,18.193170731707315],
[1208523600000,18.976939024390244],
[1208884500000,19.33763414634146],
[1208978100000,19.037768292682927],
[1209132900000,19.071512195121954],
[1209397500000,19.313487804878054],
[1209490200000,19.38458536585366],
[1209582000000,19.369829268292687],
[1209997800000,21.53968292682927],
[1210089600000,21.44273170731707],
[1210181400000,20.787609756097556],
[1210272300000,20.66028048780488],
[1210365900000,20.438743902439022],
[1210684500000,20.64118292682927],
[1210776300000,20.257317073170732],
[1210868100000,20.204841463414635],
[1210959900000,20.6634756097561],
[1211224500000,20.942451219512197],
[1211318100000,20.723560975609757],
[1211554800000,20.242024390243905],
[1211823900000,20.099768292682924],
[1211915700000,20.35970731707317],
[1212009300000,21.24739024390244],
[1212155100000,21.330853658536583],
[1212419700000,21.77258536585367],
[1212513300000,21.017048780487805],
[1212605100000,20.58146341463414],
[1212705900000,20.915085365853663],
[1213020900000,20.5374756097561],
[1213112700000,19.809292682926827],
[1213204500000,19.255475609756097],
[1213296300000,19.514756097560976],
[1213621200000,19.72887804878049],
[1213713000000,19.893243902439025],
[1213805700000,20.129365853658534],
[1213897500000,19.551548780487806],
[1213991100000,19.1424756097561],
[1214257500000,18.72839024390244],
[1214403300000,18.421268292682928],
[1214495100000,18.4510243902439],
[1214586900000,17.847597560975608],
[1214851500000,17.83869512195122],
[1214945100000,17.59003658536585],
[1215090900000,17.6055243902439],
[1215182700000,17.234756097560982],
[1215448200000,17.157987804878047],
[1215540000000,16.933426829268292],
[1215724500000,17.301463414634146],
[1216044000000,17.1875243902439],
[1216135800000,16.856695121951223],
[1216228500000,17.20075609756098],
[1216320300000,18.35915853658537],
[1216415700000,18.779878048780485],
[1216735200000,18.52369512195122],
[1216827000000,18.757609756097562],
[1216919700000,18.507548780487806],
[1217011500000,17.73832926829268],
[1217277900000,17.56701219512195],
[1217425500000,17.711182926829267],
[1217517300000,18.21176829268293],
[1217609100000,18.1345243902439],
[1217873700000,17.61056097560976],
[1217965500000,17.914926829268296],
[1218059100000,18.450560975609758],
[1218204900000,18.191658536585365],
[1218471300000,17.96870731707317],
[1218563100000,17.663256097560975],
[1218655800000,17.283073170731708],
[1218806100000,17.453036585365854],
[1219072500000,17.12290243902439],
[1219164300000,16.65019512195122],
[1219257000000,16.948182926829265],
[1219348800000,17.070963414634146],
[1219670100000,17.241317073170734],
[1219761900000,16.817158536585364],
[1219853700000,16.615951219512194],
[1219946400000,17.151756097560977],
[1220040000000,17.076695121951218],
[1220361300000,16.797365853658537],
[1220453100000,17.040353658536585],
[1220544900000,16.912585365853662],
[1220637600000,16.46881707317073],
[1220908500000,17.037695121951216],
[1221054300000,16.640097560975608],
[1221146100000,16.512109756097562],
[1221237900000,16.830317073170736],
[1221502500000,16.271109756097562],
[1221594300000,15.714036585365852],
[1221687900000,15.243378048780492],
[1221834600000,16.375463414634144],
[1222099200000,17.34348780487805],
[1222191900000,16.715134146341462],
[1222284600000,16.55690243902439],
[1222379100000,16.92387804878049],
[1222698600000,16.61392682926829],
[1222791300000,16.0389756097561],
[1222883100000,17.093463414634147],
[1222974900000,16.668999999999997],
[1223069400000,15.960951219512193],
[1223392500000,14.293865853658536],
[1223486100000,14.296634146341466],
[1223577900000,13.996829268292684],
[1223905500000,12.708841463414634],
[1223997300000,15.478878048780489],
[1224089100000,15.40669512195122],
[1224182700000,13.301207317073171],
[1224276300000,13.269280487804878],
[1224596700000,13.417268292682927],
[1224690300000,13.003560975609759],
[1224785700000,11.269365853658533],
[1224881100000,9.719353658536585],
[1225203300000,9.948646341463412],
[1225296900000,10.791451219512195],
[1225390500000,12.49369512195122],
[1225719000000,13.114792682926826],
[1225812600000,15.359536585365854],
[1225906200000,15.149207317073174],
[1225999800000,13.554207317073171],
[1226323800000,14.045341463414632],
[1226417400000,14.122865853658539],
[1226511000000,13.685402439024394],
[1226604600000,13.900231707317074],
[1226931300000,14.135780487804876],
[1227024900000,13.829536585365851],
[1227118500000,13.030085365853656],
[1227534300000,11.663609756097562],
[1227627900000,13.090463414634144],
[1227721500000,14.152219512195122],
[1227815100000,14.648390243902437],
[1228139100000,14.673219512195123],
[1228232700000,14.209646341463412],
[1228326300000,14.639378048780493],
[1228419900000,15.03520731707317],
[1228743900000,14.94419512195122],
[1228837500000,16.294207317073173],
[1228939200000,16.402560975609756],
[1229090400000,16.076304878048784],
[1229356800000,16.192536585365858],
[1229450400000,15.912426829268291],
[1229544000000,16.458939024390247],
[1229695200000,16.52930487804878],
[1229961600000,15.860865853658536],
[1230055200000,15.166060975609756],
[1230557400000,14.275158536585367],
[1230651000000,14.413475609756096],
[1230667200000,14.655087719298242],
]