[
[1199286000000,19.619636363636364],
[1199295000000,19.546545454545452],
[1199304000000,19.175454545454542],
[1199370600000,19.203818181818182],
[1199379600000,18.803272727272727],
[1199388600000,18.758000000000003],
[1199455200000,18.737636363636362],
[1199464200000,18.431090909090912],
[1199473200000,18.581636363636363],
[1199712600000,18.908545454545454],
[1199721600000,18.733818181818183],
[1199730600000,19.03109090909091],
[1199797200000,18.896],
[1199806200000,19.26109090909091],
[1199815200000,18.996181818181817],
[1199826000000,18.887272727272727],
[1199890800000,18.770363636363633],
[1199899800000,18.57872727272727],
[1199908800000,18.663090909090904],
[1199976300000,19.041454545454545],
[1199985300000,19.36],
[1199994300000,19.375999999999998],
[1200060900000,19.282545454545453],
[1200069900000,19.427454545454548],
[1200078900000,19.156909090909092],
[1200318300000,19.02618181818182],
[1200327300000,19.052181818181815],
[1200336300000,18.86309090909091],
[1200402900000,18.84763636363636],
[1200411900000,18.45781818181818],
[1200420900000,18.40745454545454],
[1200431700000,18.176363636363636],
[1200496500000,17.81818181818182],
[1200505500000,17.709636363636363],
[1200516300000,17.68890909090909],
[1200581100000,17.925818181818183],
[1200590100000,17.46527272727273],
[1200599100000,17.488],
[1200665700000,17.610909090909093],
[1200674700000,17.12381818181818],
[1200683700000,17.215636363636367],
[1200924000000,16.795272727272728],
[1200933000000,16.637636363636364],
[1200942000000,16.697818181818178],
[1201008600000,16.864363636363635],
[1201017600000,16.888363636363636],
[1201026600000,16.847272727272728],
[1201093200000,16.753090909090908],
[1201102200000,16.457636363636365],
[1201111200000,16.313636363636363],
[1201122000000,16.694909090909093],
[1201186800000,17.533454545454546],
[1201195800000,18.17127272727273],
[1201204800000,17.975818181818184],
[1201533300000,17.677454545454545],
[1201542300000,17.807818181818185],
[1201553100000,17.798909090909092],
[1201617900000,17.918363636363637],
[1201626900000,17.687818181818184],
[1201635900000,17.86618181818182],
[1201702500000,17.802181818181822],
[1201711500000,17.491636363636363],
[1201720500000,17.51127272727273],
[1201787100000,17.525636363636366],
[1201796100000,17.310909090909092],
[1201805100000,17.448],
[1201871700000,17.468181818181815],
[1201880700000,16.95090909090909],
[1201889700000,16.85418181818182],
[1202311800000,16.39690909090909],
[1202320800000,16.130363636363636],
[1202331600000,16.115454545454547],
[1202396400000,15.956545454545454],
[1202405400000,15.902727272727272],
[1202414400000,16.194181818181818],
[1202481000000,16.179636363636366],
[1202490000000,16.146181818181816],
[1202499000000,16.101454545454548],
[1202738400000,16.268],
[1202747400000,16.44727272727273],
[1202756400000,16.600727272727273],
[1202823000000,16.677090909090907],
[1202832000000,17.463636363636365],
[1202841000000,17.376727272727273],
[1202907600000,17.367636363636365],
[1202916600000,17.87618181818182],
[1202925600000,17.936],
[1202936400000,18.21],
[1203001200000,18.296545454545456],
[1203010200000,17.93181818181818],
[1203019200000,17.688363636363636],
[1203085800000,17.42490909090909],
[1203094800000,17.435636363636362],
[1203103800000,17.726363636363637],
[1203346800000,18.027636363636365],
[1203355800000,18.094727272727273],
[1203364800000,18.324909090909088],
[1203431400000,18.394363636363636],
[1203440400000,18.204545454545453],
[1203449400000,18.14],
[1203516000000,17.875999999999998],
[1203525000000,18.012545454545457],
[1203534000000,18.17836363636364],
[1203544800000,18.234727272727273],
[1203609600000,18.231454545454547],
[1203618600000,18.276727272727275],
[1203627600000,18.28381818181818],
[1203694200000,18.236727272727272],
[1203703200000,18.050363636363635],
[1203712200000,18.35909090909091],
[1203951600000,18.38472727272727],
[1203960600000,18.442363636363634],
[1203969600000,18.47781818181818],
[1204036200000,18.640545454545453],
[1204045200000,18.76309090909091],
[1204054200000,19.09490909090909],
[1204120800000,19.183090909090907],
[1204129800000,19.614181818181816],
[1204138800000,19.777454545454546],
[1204149600000,19.634909090909087],
[1204214400000,19.52781818181818],
[1204223400000,19.651090909090907],
[1204232400000,19.43436363636364],
[1204299000000,19.009818181818183],
[1204308000000,18.935636363636366],
[1204317000000,18.87872727272727],
[1204556400000,18.588],
[1204565400000,18.805818181818186],
[1204574400000,18.96472727272727],
[1204641000000,18.959636363636363],
[1204650000000,18.555090909090907],
[1204659000000,18.392181818181818],
[1204725600000,18.59963636363636],
[1204734600000,18.977272727272727],
[1204743600000,19.023090909090907],
[1204755300000,19.265636363636364],
[1204820100000,19.05818181818182],
[1204829100000,18.956545454545456],
[1204839900000,18.81],
[1204904700000,18.51618181818182],
[1204913700000,18.339454545454547],
[1204922700000,18.27909090909091],
[1205158500000,18.187454545454546],
[1205167500000,18.092909090909092],
[1205176500000,18.007636363636365],
[1205241300000,18.139090909090907],
[1205250300000,18.31981818181818],
[1205259300000,18.330545454545454],
[1205270100000,18.65581818181818],
[1205333100000,18.78890909090909],
[1205342100000,18.75236363636364],
[1205351100000,18.34509090909091],
[1205415900000,17.941636363636366],
[1205424900000,18.106363636363636],
[1205433900000,18.331090909090907],
[1205444700000,18.466363636363635],
[1205507700000,18.254],
[1205516700000,18.142363636363637],
[1205527500000,18.16981818181818],
[1205764200000,17.800363636363635],
[1205773200000,17.48690909090909],
[1205782200000,17.50581818181818],
[1205847000000,17.611272727272727],
[1205856000000,17.822363636363633],
[1205865000000,17.813454545454544],
[1205876700000,17.913454545454545],
[1205939700000,17.87381818181818],
[1205948700000,17.549090909090907],
[1205959500000,17.350181818181817],
[1206022500000,17.273272727272726],
[1206031500000,17.183636363636367],
[1206040500000,17.292363636363635],
[1206369000000,17.555999999999997],
[1206378000000,17.540909090909096],
[1206387000000,17.496000000000002],
[1206451800000,17.39018181818182],
[1206460800000,17.778181818181817],
[1206469800000,17.93890909090909],
[1206536400000,17.96181818181818],
[1206545400000,17.603454545454547],
[1206554400000,17.509636363636364],
[1206565200000,17.658545454545454],
[1206628200000,17.682727272727274],
[1206637200000,17.549454545454545],
[1206646200000,17.446727272727273],
[1206711000000,17.386363636363633],
[1206720000000,17.188545454545455],
[1206729000000,17.07018181818182],
[1206739800000,17.12090909090909],
[1206975600000,17.185454545454547],
[1206984600000,17.34],
[1206993600000,17.464909090909092],
[1207059300000,17.775454545454544],
[1207068300000,18.001818181818184],
[1207077300000,18.051636363636366],
[1207142100000,18.113454545454545],
[1207151100000,18.432545454545455],
[1207160100000,18.254545454545454],
[1207170900000,18.062363636363635],
[1207233900000,17.98890909090909],
[1207242900000,18.156181818181818],
[1207251900000,18.173272727272725],
[1207316700000,18.108727272727272],
[1207325700000,18.019636363636362],
[1207334700000,18.044181818181816],
[1207345500000,18.020363636363637],
[1207581300000,18.291818181818183],
[1207590300000,18.476727272727274],
[1207601100000,18.328000000000003],
[1207664100000,18.259999999999998],
[1207673100000,18.528000000000002],
[1207682100000,18.55618181818182],
[1207746900000,18.497454545454545],
[1207755900000,18.140727272727272],
[1207764900000,18.05090909090909],
[1207775700000,18.071818181818177],
[1207838700000,17.92709090909091],
[1207847700000,18.080545454545454],
[1207856700000,18.012545454545457],
[1207923300000,17.78709090909091],
[1207932300000,17.65709090909091],
[1207941300000,17.64727272727273],
[1208180700000,17.624909090909092],
[1208189700000,17.454],
[1208198700000,17.44109090909091],
[1208209500000,17.47927272727273],
[1208272500000,17.57654545454545],
[1208281500000,17.568727272727273],
[1208292300000,17.540727272727274],
[1208357100000,17.967818181818185],
[1208366100000,18.245454545454546],
[1208375100000,18.427818181818182],
[1208440800000,18.59672727272727],
[1208449800000,18.84436363636364],
[1208458800000,19.013272727272728],
[1208523600000,19.07818181818182],
[1208532600000,19.489818181818183],
[1208541600000,19.486727272727272],
[1208870100000,19.34818181818182],
[1208884500000,19.19818181818182],
[1208893500000,19.192363636363634],
[1208960100000,19.064909090909094],
[1208969100000,19.06654545454545],
[1208978100000,18.94109090909091],
[1209043800000,19.007272727272724],
[1209058200000,19.006545454545456],
[1209067200000,19.015454545454542],
[1209132900000,19.16781818181818],
[1209141900000,19.008181818181818],
[1209150900000,19.131090909090915],
[1209388500000,19.263636363636362],
[1209397500000,19.525454545454547],
[1209406500000,19.749636363636363],
[1209418200000,19.618],
[1209481200000,19.37109090909091],
[1209490200000,19.191454545454548],
[1209499200000,19.134545454545453],
[1209564000000,19.239454545454546],
[1209573000000,19.321818181818184],
[1209582000000,19.645272727272733],
[1209737700000,22.052181818181822],
[1209746700000,21.431090909090905],
[1209755700000,21.378545454545456],
[1209997800000,21.62618181818182],
[1210006800000,21.673272727272728],
[1210015800000,21.76036363636364],
[1210080600000,21.678363636363635],
[1210089600000,21.070545454545453],
[1210098600000,20.94272727272727],
[1210109400000,20.92563636363636],
[1210172400000,20.86163636363636],
[1210181400000,20.60890909090909],
[1210190400000,20.435090909090906],
[1210254300000,20.584],
[1210263300000,20.84072727272727],
[1210272300000,20.568],
[1210283100000,20.64181818181818],
[1210346100000,20.40836363636364],
[1210355100000,20.352363636363638],
[1210365900000,20.511454545454544],
[1210601700000,20.439818181818183],
[1210610700000,20.478909090909095],
[1210619700000,20.71418181818182],
[1210684500000,20.730181818181816],
[1210693500000,20.332363636363635],
[1210702500000,20.305818181818182],
[1210713300000,20.249454545454547],
[1210776300000,20.23054545454546],
[1210785300000,20.199454545454547],
[1210794300000,20.201636363636368],
[1210859100000,20.150727272727273],
[1210868100000,20.291272727272727],
[1210877100000,20.505818181818185],
[1210887900000,20.60490909090909],
[1210950900000,20.77181818181818],
[1210959900000,20.59290909090909],
[1210970700000,20.57836363636364],
[1211206500000,20.693090909090905],
[1211215500000,21.048727272727273],
[1211224500000,21.04727272727273],
[1211289300000,20.963272727272727],
[1211298300000,20.653636363636366],
[1211307300000,20.650727272727273],
[1211318100000,20.769090909090913],
[1211381100000,20.49418181818182],
[1211390100000,20.35345454545455],
[1211399100000,20.183636363636367],
[1211554800000,20.16072727272727],
[1211563800000,20.087636363636367],
[1211572800000,20.112363636363636],
[1211814900000,20.176545454545455],
[1211823900000,20.03272727272727],
[1211834700000,20.036545454545454],
[1211897700000,20.147272727272725],
[1211906700000,20.346000000000004],
[1211915700000,20.576727272727272],
[1211980500000,20.836181818181817],
[1211989500000,21.00290909090909],
[1211998500000,21.291636363636364],
[1212009300000,21.443090909090905],
[1212072300000,21.26709090909091],
[1212081300000,21.274909090909095],
[1212090300000,21.336545454545455],
[1212155100000,21.39418181818182],
[1212164100000,21.64781818181818],
[1212173100000,21.773454545454545],
[1212183900000,22.069090909090914],
[1212419700000,21.579090909090908],
[1212428700000,21.341454545454546],
[1212441300000,21.185636363636366],
[1212504300000,21.00581818181818],
[1212513300000,20.82309090909091],
[1212522300000,20.633272727272725],
[1212587100000,20.543818181818178],
[1212596100000,20.674909090909093],
[1212605100000,20.508000000000003],
[1212615900000,20.398545454545452],
[1212678900000,20.72727272727273],
[1212687900000,20.993636363636366],
[1212705900000,21.085454545454546],
[1212765300000,20.618727272727273],
[1212774300000,20.559272727272727],
[1212785100000,20.543090909090907],
[1213020900000,20.514],
[1213029900000,20.349272727272727],
[1213038900000,20.025454545454547],
[1213103700000,20.011090909090907],
[1213112700000,19.425454545454546],
[1213121700000,19.324181818181817],
[1213132500000,19.404181818181815],
[1213195500000,19.216545454545457],
[1213204500000,19.18581818181818],
[1213213500000,19.108727272727272],
[1213278300000,19.307090909090906],
[1213287300000,19.607454545454548],
[1213296300000,19.620363636363635],
[1213364700000,19.706],
[1213373700000,19.80890909090909],
[1213382700000,19.680727272727275],
[1213621200000,19.736727272727272],
[1213630200000,19.74872727272727],
[1213639200000,19.719272727272728],
[1213650000000,19.836363636363636],
[1213713000000,20.094909090909088],
[1213722000000,20.334363636363634],
[1213731000000,20.54381818181818],
[1213796700000,20.23109090909091],
[1213805700000,19.81036363636364],
[1213814700000,19.739454545454546],
[1213825500000,19.68909090909091],
[1213888500000,19.505818181818185],
[1213897500000,19.476000000000003],
[1213908300000,19.589636363636366],
[1213973100000,19.332363636363635],
[1213982100000,19.207818181818183],
[1213991100000,18.883454545454548],
[1214228700000,18.914727272727273],
[1214237700000,18.711272727272725],
[1214246700000,18.71872727272727],
[1214257500000,18.70218181818182],
[1214320500000,18.43618181818182],
[1214329500000,18.510545454545454],
[1214340300000,18.306727272727272],
[1214403300000,18.48909090909091],
[1214412300000,18.79054545454546],
[1214421300000,18.850363636363635],
[1214486100000,18.587818181818182],
[1214495100000,18.066545454545455],
[1214504100000,17.942],
[1214514900000,17.782545454545456],
[1214577900000,17.902],
[1214586900000,17.83036363636364],
[1214595900000,17.81109090909091],
[1214833500000,17.799636363636363],
[1214842500000,17.834545454545456],
[1214851500000,17.871636363636366],
[1214862300000,17.872545454545456],
[1214925300000,17.712545454545456],
[1214934300000,17.47418181818182],
[1214945100000,17.594000000000005],
[1215008100000,17.736545454545453],
[1215017100000,17.740000000000002],
[1215026100000,17.624909090909092],
[1215090900000,17.502727272727274],
[1215099900000,17.612545454545458],
[1215108900000,17.40709090909091],
[1215119700000,16.996],
[1215182700000,17.268],
[1215191700000,17.05181818181818],
[1215200700000,16.986727272727272],
[1215439200000,17.32581818181818],
[1215448200000,17.109272727272728],
[1215457200000,16.91109090909091],
[1215522000000,17.061818181818182],
[1215531000000,16.802727272727275],
[1215540000000,16.966363636363635],
[1215695700000,17.160545454545453],
[1215704700000,17.206545454545456],
[1215713700000,17.318181818181817],
[1215724500000,17.378363636363634],
[1215787500000,17.26109090909091],
[1215796500000,17.104363636363633],
[1215805500000,17.16672727272727],
[1216044000000,17.26],
[1216053000000,17.140909090909087],
[1216062000000,17.129454545454546],
[1216126800000,16.97272727272727],
[1216135800000,16.56581818181818],
[1216144800000,16.81181818181818],
[1216155600000,16.796],
[1216219500000,17.116545454545456],
[1216228500000,17.54145454545455],
[1216237500000,17.987454545454543],
[1216302300000,18.354545454545455],
[1216311300000,18.25272727272727],
[1216320300000,18.529090909090908],
[1216386000000,18.263636363636362],
[1216395000000,18.85618181818182],
[1216404000000,18.754363636363642],
[1216415700000,18.89309090909091],
[1216652400000,18.837636363636364],
[1216661400000,18.664727272727273],
[1216670400000,18.618727272727273],
[1216735200000,18.304909090909092],
[1216744200000,18.631636363636364],
[1216753200000,18.63290909090909],
[1216818000000,18.759090909090908],
[1216827000000,18.864363636363635],
[1216836000000,18.759818181818183],
[1216846800000,18.788000000000004],
[1216910700000,18.573454545454545],
[1216919700000,18.251272727272728],
[1216928700000,18.15363636363636],
[1216993500000,17.772909090909092],
[1217002500000,17.803272727272727],
[1217011500000,17.612545454545455],
[1217022300000,17.616909090909093],
[1217258100000,17.77418181818182],
[1217267100000,17.59418181818182],
[1217277900000,17.408363636363635],
[1217340900000,17.46381818181818],
[1217349900000,17.456909090909093],
[1217358900000,17.52418181818182],
[1217425500000,18.089090909090906],
[1217434500000,18.221454545454545],
[1217443500000,18.156545454545455],
[1217454300000,18.229090909090907],
[1217517300000,18.26109090909091],
[1217526300000,18.1],
[1217537100000,18.284363636363636],
[1217600100000,18.163272727272727],
[1217609100000,18.018],
[1217618100000,17.99890909090909],
[1217855700000,17.912545454545455],
[1217864700000,17.550363636363638],
[1217873700000,17.426545454545455],
[1217884500000,17.450181818181818],
[1217947500000,17.774363636363635],
[1217956500000,17.951818181818183],
[1217965500000,18.05527272727273],
[1218030300000,18.15909090909091],
[1218039300000,18.35581818181818],
[1218048300000,18.479636363636363],
[1218059100000,18.533818181818184],
[1218122100000,18.26981818181818],
[1218131100000,18.285454545454545],
[1218141900000,18.184545454545454],
[1218204900000,18.15581818181818],
[1218213900000,18.245454545454546],
[1218222900000,18.08218181818182],
[1218462300000,18.031272727272725],
[1218471300000,17.803636363636365],
[1218480300000,17.728363636363635],
[1218491100000,17.50109090909091],
[1218554100000,17.73381818181818],
[1218563100000,17.648909090909093],
[1218573900000,17.404363636363637],
[1218637800000,17.26818181818182],
[1218646800000,17.365090909090906],
[1218655800000,17.177272727272726],
[1218721500000,17.205636363636366],
[1218730500000,17.49763636363636],
[1218739500000,17.440727272727273],
[1218806100000,17.50490909090909],
[1218815100000,17.293636363636363],
[1218824100000,17.11490909090909],
[1218836700000,17.11909090909091],
[1219072500000,17.07018181818182],
[1219081500000,16.834545454545456],
[1219092300000,16.777090909090912],
[1219155300000,16.557818181818185],
[1219164300000,16.602545454545453],
[1219173300000,16.730727272727275],
[1219239000000,16.73818181818182],
[1219248000000,17.023999999999997],
[1219257000000,17.04363636363636],
[1219267800000,17.173636363636366],
[1219330800000,17.00872727272727],
[1219339800000,16.944181818181818],
[1219348800000,17.189636363636364],
[1219413600000,17.323636363636364],
[1219422600000,17.271454545454546],
[1219431600000,17.157090909090908],
[1219670100000,17.258363636363637],
[1219679100000,16.867454545454542],
[1219688100000,16.83727272727273],
[1219698900000,16.81381818181818],
[1219761900000,16.811818181818182],
[1219770900000,16.62527272727273],
[1219779900000,16.516181818181817],
[1219844700000,16.575272727272726],
[1219853700000,16.695636363636364],
[1219862700000,16.86381818181818],
[1219928400000,16.906363636363636],
[1219937400000,17.248],
[1219946400000,17.24981818181818],
[1219959000000,17.300363636363635],
[1220022000000,17.223636363636366],
[1220031000000,16.990363636363636],
[1220040000000,17.010909090909088],
[1220278500000,16.812],
[1220287500000,16.87109090909091],
[1220296500000,16.76690909090909],
[1220361300000,16.790727272727274],
[1220370300000,17.136727272727274],
[1220379300000,17.043454545454544],
[1220390100000,16.940545454545454],
[1220453100000,17.153636363636366],
[1220462100000,17.05818181818182],
[1220471100000,17.029636363636364],
[1220535900000,16.97],
[1220544900000,16.755272727272725],
[1220553900000,16.71],
[1220619600000,16.51818181818182],
[1220628600000,16.274545454545454],
[1220637600000,16.516],
[1220879700000,16.98909090909091],
[1220888700000,17.168545454545455],
[1220897700000,16.969272727272728],
[1220908500000,16.995090909090912],
[1220971500000,16.921454545454544],
[1220980500000,16.684727272727272],
[1220989500000,16.606545454545454],
[1221054300000,16.639636363636363],
[1221063300000,16.359636363636362],
[1221072300000,16.610000000000003],
[1221083100000,16.71290909090909],
[1221146100000,16.42527272727273],
[1221155100000,16.50181818181818],
[1221165900000,16.712],
[1221228900000,16.784181818181818],
[1221237900000,16.97763636363636],
[1221246900000,17.018545454545457],
[1221484500000,16.656181818181818],
[1221493500000,16.168181818181818],
[1221502500000,15.997272727272726],
[1221513300000,15.871272727272729],
[1221576300000,15.740545454545453],
[1221585300000,15.675999999999998],
[1221594300000,15.781454545454546],
[1221659100000,15.85981818181818],
[1221668100000,15.258363636363635],
[1221677100000,15.162727272727272],
[1221687900000,15.113090909090909],
[1221750900000,15.540909090909091],
[1221759900000,15.493090909090908],
[1221770700000,16.308363636363637],
[1221834600000,17.186363636363637],
[1221843600000,17.462],
[1221852600000,17.364363636363638],
[1222090200000,17.476181818181818],
[1222099200000,17.176727272727273],
[1222108200000,17.15236363636364],
[1222119900000,16.868545454545455],
[1222182900000,16.753999999999998],
[1222191900000,16.492545454545454],
[1222202700000,16.639454545454548],
[1222266600000,16.610181818181818],
[1222275600000,16.534363636363636],
[1222284600000,16.515272727272727],
[1222350300000,16.64109090909091],
[1222359300000,16.947636363636363],
[1222368300000,16.939272727272726],
[1222379100000,16.958909090909092],
[1222442100000,16.840545454545452],
[1222451100000,16.730545454545457],
[1222461900000,16.817818181818183],
[1222698600000,16.273272727272726],
[1222707600000,16.05818181818182],
[1222717500000,15.615454545454543],
[1222782300000,16.055272727272726],
[1222791300000,16.313999999999997],
[1222800300000,16.837636363636364],
[1222811100000,17.316545454545455],
[1222874100000,16.870727272727272],
[1222883100000,17.24672727272727],
[1222893900000,17.556],
[1222956900000,17.110363636363637],
[1222965900000,16.73090909090909],
[1222974900000,16.23690909090909],
[1223040600000,16.629272727272724],
[1223049600000,16.678363636363635],
[1223058600000,15.894545454545455],
[1223069400000,15.442909090909094],
[1223309700000,13.557454545454545],
[1223318700000,13.517090909090909],
[1223329500000,14.633272727272725],
[1223392500000,14.500727272727275],
[1223401500000,14.035818181818183],
[1223412300000,14.163636363636366],
[1223477100000,14.313636363636364],
[1223486100000,14.464000000000002],
[1223495100000,14.426181818181819],
[1223559900000,14.095636363636363],
[1223568900000,14.071454545454547],
[1223577900000,13.781272727272727],
[1223588700000,13.104909090909091],
[1223653500000,12.31709090909091],
[1223662500000,12.476545454545455],
[1223905500000,13.206000000000001],
[1223914500000,14.311636363636364],
[1223923500000,14.738363636363635],
[1223934300000,15.511636363636363],
[1223997300000,15.863454545454546],
[1224006300000,15.916363636363638],
[1224017100000,15.837454545454545],
[1224080100000,15.35818181818182],
[1224089100000,15.10781818181818],
[1224099900000,14.143818181818181],
[1224163800000,14.413272727272728],
[1224173700000,12.963454545454546],
[1224182700000,12.908363636363637],
[1224193500000,13.583636363636364],
[1224256500000,13.30909090909091],
[1224265500000,13.53690909090909],
[1224276300000,12.950545454545454],
[1224512100000,13.023272727272726],
[1224521100000,13.215454545454547],
[1224530100000,13.545090909090908],
[1224596700000,13.448181818181817],
[1224605700000,13.46618181818182],
[1224614700000,13.458181818181819],
[1224681300000,13.178727272727274],
[1224690300000,12.460909090909091],
[1224699300000,12.186181818181819],
[1224767700000,11.654363636363637],
[1224776700000,11.458545454545455],
[1224785700000,10.722363636363637],
[1224796500000,10.755090909090908],
[1224861300000,9.777818181818182],
[1224870300000,9.58709090909091],
[1224881100000,9.615818181818183],
[1225118700000,9.690181818181818],
[1225127700000,9.900181818181817],
[1225136700000,9.946363636363635],
[1225203300000,10.161272727272728],
[1225212300000,10.179818181818181],
[1225221300000,10.375090909090911],
[1225287900000,10.674181818181816],
[1225296900000,11.218],
[1225305900000,11.371454545454544],
[1225372500000,12.015272727272729],
[1225381500000,12.94618181818182],
[1225390500000,12.600363636363635],
[1225401300000,12.921454545454544],
[1225466100000,12.785272727272728],
[1225475100000,13.251818181818182],
[1225719000000,13.343818181818182],
[1225728000000,14.615454545454545],
[1225737000000,14.826363636363638],
[1225803600000,15.005636363636363],
[1225812600000,16.005636363636366],
[1225821600000,15.962363636363637],
[1225832400000,15.788909090909092],
[1225897200000,15.16490909090909],
[1225906200000,14.490181818181819],
[1225915200000,14.200181818181816],
[1225981800000,13.812545454545456],
[1225990800000,13.614363636363636],
[1225999800000,13.275636363636366],
[1226066400000,13.652727272727274],
[1226075400000,13.919272727272727],
[1226084400000,13.94909090909091],
[1226323800000,14.391272727272726],
[1226332800000,14.617636363636365],
[1226341800000,14.382181818181818],
[1226408400000,14.246363636363638],
[1226417400000,13.80381818181818],
[1226426400000,13.873090909090909],
[1226437200000,14.159272727272727],
[1226502000000,13.752181818181818],
[1226511000000,13.34509090909091],
[1226520000000,13.215272727272728],
[1226586600000,13.784363636363636],
[1226595600000,14.002727272727274],
[1226604600000,14.168363636363637],
[1226671200000,14.557272727272728],
[1226680200000,14.264181818181818],
[1226689200000,14.062181818181818],
[1226931300000,14.037090909090908],
[1226940300000,13.989272727272727],
[1226949300000,14.197818181818182],
[1227015900000,13.910545454545455],
[1227024900000,13.431818181818183],
[1227033900000,13.298181818181815],
[1227100500000,13.257090909090907],
[1227109500000,13.244545454545456],
[1227118500000,12.688727272727272],
[1227274200000,12.237454545454545],
[1227283200000,11.65181818181818],
[1227292200000,11.546545454545454],
[1227534300000,11.779818181818182],
[1227543300000,12.568363636363639],
[1227552300000,12.854000000000001],
[1227618900000,13.050545454545457],
[1227627900000,13.266727272727271],
[1227636900000,13.16218181818182],
[1227647700000,13.617454545454546],
[1227712500000,14.052],
[1227721500000,14.792363636363637],
[1227732300000,14.734545454545456],
[1227797100000,14.578],
[1227806100000,14.640909090909089],
[1227815100000,14.675272727272729],
[1227881700000,14.665454545454546],
[1227890700000,14.654545454545454],
[1227899700000,14.924000000000001],
[1228139100000,14.420363636363634],
[1228148100000,13.965272727272728],
[1228157100000,13.983454545454547],
[1228223700000,14.148909090909092],
[1228232700000,14.420727272727275],
[1228241700000,14.77418181818182],
[1228252500000,14.732181818181818],
[1228317300000,14.440545454545456],
[1228326300000,14.725636363636363],
[1228337100000,14.687272727272726],
[1228401900000,14.952545454545454],
[1228410900000,15.142909090909091],
[1228419900000,15.025818181818183],
[1228486500000,14.70418181818182],
[1228495500000,14.698181818181817],
[1228504500000,14.574363636363637],
[1228743900000,15.524],
[1228752900000,15.951999999999998],
[1228761900000,16.214909090909092],
[1228828500000,16.440545454545454],
[1228837500000,16.333454545454547],
[1228846500000,16.358181818181816],
[1228857300000,16.181454545454546],
[1228930200000,16.60890909090909],
[1228939200000,16.320545454545453],
[1229005800000,16.360727272727274],
[1229014800000,16.40818181818182],
[1229023800000,16.35709090909091],
[1229090400000,15.606181818181817],
[1229099400000,15.899454545454546],
[1229108400000,16.264909090909093],
[1229347800000,16.474363636363638],
[1229356800000,15.982727272727272],
[1229365800000,15.757090909090907],
[1229432400000,15.666],
[1229441400000,16.05709090909091],
[1229450400000,15.914181818181818],
[1229461200000,16.313454545454544],
[1229526000000,16.39090909090909],
[1229535000000,16.475272727272728],
[1229544000000,16.51727272727273],
[1229610600000,16.73563636363636],
[1229619600000,16.65818181818182],
[1229628600000,16.45509090909091],
[1229695200000,16.484363636363636],
[1229704200000,16.39818181818182],
[1229713200000,16.02381818181818],
[1229952600000,15.971636363636364],
[1229961600000,15.54109090909091],
[1229970600000,15.293090909090909],
[1230037200000,15.243818181818181],
[1230046200000,15.268181818181818],
[1230055200000,15.034363636363636],
[1230297300000,14.603272727272728],
[1230306300000,14.329818181818183],
[1230315300000,14.081818181818184],
[1230557400000,14.338363636363635],
[1230566400000,14.337090909090909],
[1230575400000,14.285999999999998],
[1230642000000,14.391636363636364],
[1230651000000,14.51709090909091],
[1230660000000,14.704363636363635],
[1230667200000,14.607777777777777],
]