[
[1409600700000,23.964486338797816],
[1409771700000,24.13113661202187],
[1409942700000,22.959262295081967],
[1410287400000,21.819092896174862],
[1410458400000,21.111202185792347],
[1410802200000,20.383994535519125],
[1410973200000,21.903590163934425],
[1411144200000,21.387672131147543],
[1411488000000,20.26858469945355],
[1411659000000,20.229136612021858],
[1412003700000,20.251240437158476],
[1412174700000,18.177896174863385],
[1412345700000,17.30897814207651],
[1412690400000,20.17065027322405],
[1412861400000,20.899907103825132],
[1413205200000,20.737945355191254],
[1413318600000,22.005655737704917],
[1413488700000,19.340377049180322],
[1413828900000,18.716721311475414],
[1413999900000,16.88655737704918],
[1414170900000,16.201945355191256],
[1414515600000,14.648846994535523],
[1414686600000,14.357573770491808],
[1415030400000,14.821775956284153],
[1415201400000,14.56202732240437],
[1415372400000,13.986819672131148],
[1415716200000,14.004027322404372],
[1415887200000,14.1255956284153],
[1416236400000,13.203169398907097],
[1416408300000,12.506442622950821],
[1416838500000,13.964912568306005],
[1417009500000,14.324994535519128],
[1417180500000,13.904076502732243],
[1417524300000,12.48000546448087],
[1417695300000,12.525863387978145],
[1417808700000,12.211278688524592],
[1418151600000,11.241699453551913],
[1418322600000,10.716010928961751],
[1418667300000,9.854010928961749],
[1418838300000,9.540601092896175],
[1419009300000,9.742590163934423],
[1419353100000,10.364584699453552],
[1419869700000,10.420978142076498],
[1420213500000,9.960983606557377],
[1420557300000,8.708502732240438],
[1420728300000,8.696579234972678],
[1421072100000,9.22788524590164],
[1421243100000,9.049415300546446],
[1421414100000,9.191125683060108],
[1421757900000,9.424109289617487],
[1421928900000,9.648928961748638],
[1422042300000,10.147743169398906],
[1422385200000,9.86810382513661],
[1422556200000,8.81997267759563],
[1422900000000,8.360622950819671],
[1423071900000,9.980765027322406],
[1423242900000,9.491693989071038],
[1423587600000,9.299852459016392],
[1423758600000,9.19815300546448],
[1424286000000,10.042907103825137],
[1424457000000,9.668644808743169],
[1424805300000,9.665398907103825],
[1424976300000,9.266737704918036],
[1425320100000,9.46985245901639],
[1425491100000,9.460781420765029],
[1425662100000,9.248202185792351],
[1426005900000,8.910781420765028],
[1426176900000,8.795825136612022],
[1426520700000,8.307267759562842],
[1426691700000,8.744989071038251],
[1426862700000,9.042535519125682],
[1426884300000,9.188913043478262],
]