[
[1199295000000,19.602095238095234],
[1199370600000,19.212666666666667],
[1199388600000,18.77795238095238],
[1199464200000,18.519904761904762],
[1199712600000,18.790285714285716],
[1199730600000,18.93271428571429],
[1199806200000,19.143047619047618],
[1199826000000,18.944238095238095],
[1199899800000,18.64047619047619],
[1199976300000,18.95690476190476],
[1199994300000,19.370380952380952],
[1200069900000,19.377857142857145],
[1200318300000,19.03652380952381],
[1200336300000,18.917333333333332],
[1200411900000,18.58904761904762],
[1200431700000,18.250047619047617],
[1200505500000,17.72776190476191],
[1200581100000,17.835761904761906],
[1200599100000,17.492047619047618],
[1200674700000,17.297666666666668],
[1200924000000,16.958571428571428],
[1200942000000,16.664999999999996],
[1201017600000,16.866190476190475],
[1201093200000,16.782952380952384],
[1201111200000,16.375333333333334],
[1201186800000,17.231714285714286],
[1201204800000,18.032333333333334],
[1201542300000,17.769],
[1201617900000,17.891666666666666],
[1201635900000,17.80319047619048],
[1201711500000,17.606],
[1201787100000,17.55157142857143],
[1201805100000,17.42542857142857],
[1201880700000,17.077380952380956],
[1202311800000,16.60861904761905],
[1202331600000,16.13247619047619],
[1202405400000,15.887904761904762],
[1202481000000,16.18885714285714],
[1202499000000,16.11580952380952],
[1202747400000,16.37780952380952],
[1202823000000,16.61657142857143],
[1202841000000,17.415809523809525],
[1202916600000,17.72290476190476],
[1202936400000,18.11204761904762],
[1203010200000,18.061238095238096],
[1203085800000,17.531571428571425],
[1203103800000,17.618142857142857],
[1203355800000,18.077761904761903],
[1203431400000,18.367428571428572],
[1203449400000,18.16690476190476],
[1203525000000,17.963666666666665],
[1203544800000,18.21009523809524],
[1203618600000,18.26595238095238],
[1203694200000,18.253952380952384],
[1203712200000,18.26295238095238],
[1203960600000,18.402809523809523],
[1204036200000,18.600523809523803],
[1204054200000,18.97995238095238],
[1204129800000,19.455],
[1204149600000,19.685619047619046],
[1204223400000,19.60542857142857],
[1204299000000,19.16109523809524],
[1204317000000,18.906142857142857],
[1204565400000,18.73219047619047],
[1204641000000,18.964000000000002],
[1204659000000,18.43428571428571],
[1204734600000,18.85204761904762],
[1204755300000,19.19180952380952],
[1204829100000,18.99052380952381],
[1204904700000,18.595428571428574],
[1204922700000,18.285333333333334],
[1205167500000,18.118666666666666],
[1205241300000,18.082714285714285],
[1205259300000,18.30985714285714],
[1205333100000,18.747904761904756],
[1205351100000,18.484095238095236],
[1205424900000,18.041619047619047],
[1205444700000,18.43457142857143],
[1205516700000,18.180952380952384],
[1205764200000,17.95266666666667],
[1205782200000,17.476190476190474],
[1205856000000,17.76214285714286],
[1205876700000,17.89609523809524],
[1205948700000,17.655047619047618],
[1206022500000,17.285190476190472],
[1206040500000,17.24942857142857],
[1206378000000,17.53157142857143],
[1206451800000,17.381142857142862],
[1206469800000,17.886380952380954],
[1206545400000,17.734714285714286],
[1206565200000,17.598809523809525],
[1206637200000,17.579380952380948],
[1206711000000,17.397238095238095],
[1206729000000,17.10252380952381],
[1206975600000,17.15357142857143],
[1206993600000,17.407952380952384],
[1207068300000,17.925],
[1207142100000,18.083714285714287],
[1207160100000,18.314714285714288],
[1207233900000,18.008190476190475],
[1207251900000,18.172],
[1207325700000,18.033619047619048],
[1207345500000,18.0202380952381],
[1207590300000,18.421285714285712],
[1207664100000,18.266380952380953],
[1207682100000,18.548238095238094],
[1207755900000,18.2647619047619],
[1207775700000,18.056428571428572],
[1207847700000,18.03961904761905],
[1207923300000,17.88561904761905],
[1207941300000,17.647333333333336],
[1208189700000,17.504952380952382],
[1208209500000,17.466285714285714],
[1208281500000,17.569952380952376],
[1208357100000,17.812714285714286],
[1208375100000,18.36061904761905],
[1208449800000,18.782190476190475],
[1208523600000,19.05728571428572],
[1208541600000,19.498619047619044],
[1208884500000,19.248333333333335],
[1208960100000,19.122142857142855],
[1208978100000,18.986285714285717],
[1209058200000,19.004095238095235],
[1209132900000,19.117047619047618],
[1209150900000,19.086476190476194],
[1209397500000,19.441428571428567],
[1209418200000,19.674857142857142],
[1209490200000,19.24209523809524],
[1209564000000,19.187],
[1209582000000,19.48947619047619],
[1209746700000,21.638952380952382],
[1209997800000,21.54647619047619],
[1210015800000,21.73642857142857],
[1210089600000,21.228523809523807],
[1210109400000,20.921238095238095],
[1210181400000,20.685619047619046],
[1210254300000,20.514523809523812],
[1210272300000,20.658],
[1210346100000,20.469809523809523],
[1210365900000,20.446238095238094],
[1210610700000,20.446809523809524],
[1210684500000,20.716857142857144],
[1210702500000,20.320952380952384],
[1210776300000,20.23619047619048],
[1210794300000,20.209809523809522],
[1210868100000,20.230047619047618],
[1210887900000,20.563285714285715],
[1210959900000,20.66457142857143],
[1211206500000,20.643952380952378],
[1211224500000,21.064666666666668],
[1211298300000,20.746809523809524],
[1211318100000,20.735666666666667],
[1211390100000,20.397714285714287],
[1211554800000,20.165428571428574],
[1211572800000,20.09142857142857],
[1211823900000,20.074333333333335],
[1211897700000,20.109095238095236],
[1211915700000,20.498333333333335],
[1211989500000,20.93261904761905],
[1212009300000,21.394333333333332],
[1212081300000,21.276714285714284],
[1212155100000,21.364714285714285],
[1212173100000,21.73557142857143],
[1212419700000,21.72214285714286],
[1212441300000,21.22995238095238],
[1212513300000,20.891857142857138],
[1212587100000,20.592571428571432],
[1212605100000,20.56742857142857],
[1212678900000,20.626285714285718],
[1212705900000,21.039285714285715],
[1212774300000,20.573285714285717],
[1213020900000,20.520666666666664],
[1213038900000,20.124809523809525],
[1213112700000,19.60004761904762],
[1213132500000,19.37695238095238],
[1213204500000,19.189190476190475],
[1213278300000,19.210809523809527],
[1213296300000,19.617285714285714],
[1213373700000,19.76914285714286],
[1213621200000,19.718857142857143],
[1213639200000,19.729238095238095],
[1213713000000,19.995809523809527],
[1213731000000,20.486190476190473],
[1213805700000,19.915142857142857],
[1213825500000,19.711761904761907],
[1213897500000,19.485714285714288],
[1213973100000,19.417666666666666],
[1213991100000,18.984380952380953],
[1214237700000,18.766333333333336],
[1214257500000,18.71214285714286],
[1214329500000,18.494142857142855],
[1214403300000,18.40795238095238],
[1214421300000,18.836428571428574],
[1214495100000,18.220904761904762],
[1214514900000,17.8297619047619],
[1214586900000,17.851333333333333],
[1214833500000,17.800428571428572],
[1214851500000,17.859238095238094],
[1214925300000,17.718476190476192],
[1214945100000,17.551190476190477],
[1215017100000,17.749095238095236],
[1215090900000,17.534380952380953],
[1215108900000,17.47657142857143],
[1215182700000,17.17438095238095],
[1215200700000,17.00295238095238],
[1215448200000,17.199666666666666],
[1215522000000,17.026714285714288],
[1215540000000,16.923809523809524],
[1215704700000,17.17138095238095],
[1215724500000,17.35052380952381],
[1215796500000,17.16285714285714],
[1216044000000,17.214142857142853],
[1216062000000,17.128428571428575],
[1216135800000,16.683428571428568],
[1216155600000,16.81538095238095],
[1216228500000,17.433285714285716],
[1216302300000,18.224333333333334],
[1216320300000,18.444761904761904],
[1216395000000,18.674238095238096],
[1216415700000,18.84052380952381],
[1216661400000,18.714904761904762],
[1216735200000,18.401428571428575],
[1216753200000,18.626904761904765],
[1216827000000,18.825666666666667],
[1216846800000,18.801095238095236],
[1216919700000,18.338857142857144],
[1216993500000,17.883142857142854],
[1217011500000,17.659857142857145],
[1217258100000,17.748619047619044],
[1217277900000,17.47114285714286],
[1217349900000,17.460190476190476],
[1217425500000,17.893952380952378],
[1217443500000,18.170904761904765],
[1217517300000,18.235047619047617],
[1217537100000,18.239714285714285],
[1217609100000,18.059857142857147],
[1217855700000,17.953000000000007],
[1217873700000,17.46252380952381],
[1217947500000,17.67119047619048],
[1217965500000,18.023285714285713],
[1218039300000,18.270095238095237],
[1218059100000,18.521619047619048],
[1218131100000,18.264952380952383],
[1218204900000,18.153904761904762],
[1218222900000,18.139619047619046],
[1218471300000,17.872476190476192],
[1218491100000,17.577238095238098],
[1218563100000,17.680238095238096],
[1218637800000,17.31995238095238],
[1218655800000,17.248238095238097],
[1218730500000,17.411809523809527],
[1218806100000,17.469571428571427],
[1218824100000,17.162238095238095],
[1219072500000,17.10719047619048],
[1219092300000,16.79638095238095],
[1219164300000,16.593904761904763],
[1219239000000,16.71947619047619],
[1219257000000,17.037238095238095],
[1219330800000,17.088714285714286],
[1219348800000,17.10457142857143],
[1219422600000,17.29919047619048],
[1219670100000,17.227857142857143],
[1219688100000,16.837904761904763],
[1219761900000,16.804333333333332],
[1219779900000,16.53990476190476],
[1219853700000,16.66047619047619],
[1219928400000,16.880761904761904],
[1219946400000,17.24704761904762],
[1220022000000,17.251523809523807],
[1220040000000,17.01557142857143],
[1220287500000,16.856523809523807],
[1220361300000,16.764619047619043],
[1220379300000,17.080047619047615],
[1220453100000,17.05942857142857],
[1220471100000,17.043952380952383],
[1220544900000,16.830904761904765],
[1220619600000,16.602142857142855],
[1220637600000,16.453238095238092],
[1220888700000,17.150333333333332],
[1220908500000,17.000666666666664],
[1220980500000,16.747809523809522],
[1221054300000,16.608761904761906],
[1221072300000,16.519666666666666],
[1221146100000,16.473333333333333],
[1221165900000,16.636952380952383],
[1221237900000,16.91857142857143],
[1221484500000,16.804333333333336],
[1221502500000,16.049523809523812],
[1221576300000,15.745952380952382],
[1221594300000,15.723142857142856],
[1221668100000,15.48285714285714],
[1221687900000,15.162714285714284],
[1221759900000,15.49652380952381],
[1221834600000,16.854333333333336],
[1221852600000,17.395],
[1222099200000,17.264333333333333],
[1222119900000,16.96595238095238],
[1222191900000,16.565523809523807],
[1222266600000,16.628238095238096],
[1222284600000,16.529190476190475],
[1222359300000,16.852285714285713],
[1222379100000,16.945714285714285],
[1222451100000,16.74290476190476],
[1222698600000,16.495285714285714],
[1222717500000,15.749761904761908],
[1222791300000,16.211952380952383],
[1222811100000,17.142285714285716],
[1222883100000,17.11504761904762],
[1222956900000,17.289761904761907],
[1222974900000,16.373],
[1223049600000,16.688666666666663],
[1223069400000,15.589333333333334],
[1223318700000,13.525714285714281],
[1223392500000,14.578904761904761],
[1223412300000,14.115571428571428],
[1223486100000,14.425571428571429],
[1223559900000,14.120476190476193],
[1223577900000,13.903333333333334],
[1223653500000,12.480999999999998],
[1223905500000,12.901142857142856],
[1223923500000,14.613571428571428],
[1223997300000,15.859190476190477],
[1224017100000,15.81552380952381],
[1224089100000,15.168714285714286],
[1224163800000,14.311142857142858],
[1224182700000,12.91928571428571],
[1224256500000,13.36952380952381],
[1224276300000,13.148619047619048],
[1224521100000,13.142523809523809],
[1224596700000,13.495380952380952],
[1224614700000,13.435428571428572],
[1224690300000,12.707999999999998],
[1224767700000,11.856809523809524],
[1224785700000,10.970238095238095],
[1224861300000,10.03385714285714],
[1224881100000,9.599809523809524],
[1225127700000,9.82652380952381],
[1225203300000,10.018666666666666],
[1225221300000,10.336285714285713],
[1225296900000,11.061761904761905],
[1225372500000,11.78652380952381],
[1225390500000,12.718380952380953],
[1225466100000,12.761285714285712],
[1225719000000,13.285047619047617],
[1225737000000,14.747142857142858],
[1225812600000,15.754857142857142],
[1225832400000,15.84247619047619],
[1225906200000,14.77442857142857],
[1225981800000,13.923333333333334],
[1225999800000,13.37785714285714],
[1226075400000,13.842190476190476],
[1226323800000,14.196761904761903],
[1226341800000,14.468047619047619],
[1226417400000,13.918380952380954],
[1226437200000,14.058952380952384],
[1226511000000,13.461190476190476],
[1226586600000,13.577523809523813],
[1226604600000,14.035761904761904],
[1226680200000,14.38657142857143],
[1226931300000,14.049333333333333],
[1226949300000,14.163761904761905],
[1227024900000,13.614428571428572],
[1227100500000,13.250666666666666],
[1227118500000,12.849666666666666],
[1227283200000,11.856238095238094],
[1227534300000,11.632142857142858],
[1227552300000,12.771095238095237],
[1227627900000,13.245000000000001],
[1227647700000,13.433238095238096],
[1227721500000,14.572571428571427],
[1227797100000,14.621857142857143],
[1227815100000,14.664238095238094],
[1227890700000,14.655238095238097],
[1228139100000,14.616380952380952],
[1228157100000,13.984190476190475],
[1228232700000,14.34109523809524],
[1228252500000,14.732142857142858],
[1228326300000,14.646380952380953],
[1228401900000,14.860428571428569],
[1228419900000,15.062761904761905],
[1228495500000,14.696333333333333],
[1228743900000,15.201952380952381],
[1228761900000,16.12752380952381],
[1228837500000,16.337476190476192],
[1228857300000,16.23990476190476],
[1228939200000,16.410095238095238],
[1229014800000,16.40566666666667],
[1229090400000,15.841809523809523],
[1229108400000,16.14542857142857],
[1229356800000,16.147333333333336],
[1229432400000,15.671761904761903],
[1229450400000,15.970095238095237],
[1229526000000,16.370190476190476],
[1229544000000,16.497095238095238],
[1229619600000,16.67980952380952],
[1229695200000,16.459380952380954],
[1229713200000,16.133857142857142],
[1229961600000,15.700952380952382],
[1230037200000,15.24633333333333],
[1230055200000,15.092571428571429],
[1230306300000,14.46104761904762],
[1230557400000,14.255285714285712],
[1230575400000,14.293190476190475],
[1230651000000,14.491809523809522],
[1230667200000,14.655087719298242],
]