[
[1409668200000,23.877609657947687],
[1409848200000,23.905847082494972],
[1410201900000,22.603505030181093],
[1410440400000,21.093553319919515],
[1410793200000,20.606639839034212],
[1410973200000,21.79814084507042],
[1411153200000,21.326474849094566],
[1411564500000,20.19009255533199],
[1411744500000,20.188354124748496],
[1412098200000,18.824426559356137],
[1412278200000,17.32136820925553],
[1412690400000,19.956571428571426],
[1412870400000,21.06654728370221],
[1413223200000,21.25076056338028],
[1413403200000,20.81222937625754],
[1413810900000,19.03105432595573],
[1413990900000,17.05885714285714],
[1414170900000,16.200177062374248],
[1414525500000,14.717501006036219],
[1414763100000,14.358659959758553],
[1415115900000,14.74475251509054],
[1415295900000,14.18852716297787],
[1415707200000,14.118563380281687],
[1415887200000,14.099601609657949],
[1416245400000,13.113243460764581],
[1416571200000,12.606434607645875],
[1416924000000,14.4315814889336],
[1417104000000,14.284305835010057],
[1417456800000,12.725460764587524],
[1417695300000,12.498740442655937],
[1418048100000,12.162627766599599],
[1418228100000,11.11585915492958],
[1418408100000,10.51506639839034],
[1418820300000,9.406132796780685],
[1419000300000,9.778917505030183],
[1419353100000,10.305710261569418],
[1419878700000,10.416865191146877],
[1420462800000,9.62697786720322],
[1420642800000,8.48445875251509],
[1420822800000,9.069887323943663],
[1421175600000,9.130358148893363],
[1421414100000,9.153549295774651],
[1421766900000,9.509605633802819],
[1421946900000,9.939464788732398],
[1422300600000,9.942346076458755],
[1422538200000,9.231702213279677],
[1422891000000,8.32897384305835],
[1423071900000,9.887927565392355],
[1423484100000,9.357046277665996],
[1423664100000,9.171199195171027],
[1423844100000,9.592213279678068],
[1424439000000,9.825416498993965],
[1424796300000,9.603291750503017],
[1424976300000,9.284877263581489],
[1425387600000,9.461424547283698],
[1425567600000,9.356784708249497],
[1425920400000,9.19840241448692],
[1426100400000,8.693670020120726],
[1426511700000,8.395195171026154],
[1426691700000,8.702446680080483],
[1426871700000,9.062861167002012],
[1426884300000,9.221648351648351],
]