[
[1199976300000,18.858321393034824],
[1200674700000,18.003275124378106],
[1201635900000,17.450106965174133],
[1202747400000,16.39184527363184],
[1203449400000,17.95712338308457],
[1204149600000,18.862353731343283],
[1204904700000,18.865239800995028],
[1205764200000,18.266699502487562],
[1206545400000,17.604694527363186],
[1207233900000,17.79440447761194],
[1207923300000,18.160045771144286],
[1208884500000,18.677330348258693],
[1209582000000,19.29628308457712],
[1210365900000,20.755632835820894],
[1211224500000,20.575900497512432],
[1212009300000,20.562637313432838],
[1212705900000,20.938207462686574],
[1213621200000,19.606687562189055],
[1214257500000,19.285458706467658],
[1214945100000,17.878520895522396],
[1215724500000,17.161492039800997],
[1216415700000,17.97361641791044],
[1217277900000,18.039086567164173],
[1217965500000,17.897872139303487],
[1218655800000,17.71449502487562],
[1219348800000,16.974384577114424],
[1220040000000,16.978624875621886],
[1220908500000,16.860944776119407],
[1221594300000,16.272392537313433],
[1222284600000,16.706217910447766],
[1222974900000,16.73690447761194],
[1223905500000,13.708798009950247],
[1224596700000,13.726593532338306],
[1225296900000,10.460067164179108],
[1225999800000,14.341103482587073],
[1226931300000,14.00327810945274],
[1227721500000,13.093335820895526],
[1228419900000,14.657909950248756],
[1229356800000,16.170131343283572],
[1230055200000,15.875135820895519],
[1230667200000,14.462646876932588],
]