[
[1410458400000,22.252449169435227],
[1411659000000,20.717974529346634],
[1412861400000,19.535607308970096],
[1413999900000,18.77004828349945],
[1415201400000,14.684453377630124],
[1416408300000,13.31919557032115],
[1417695300000,13.114000664451824],
[1418838300000,10.236278848283503],
[1420557300000,9.73748571428571],
[1421757900000,9.20827641196013],
[1422900000000,9.086583167220375],
[1424286000000,9.528316057585826],
[1425491100000,9.465512513842745],
[1426691700000,8.642226578073094],
[1426884300000,9.10079747561675],
]