[
[1199730600000,18.823647382920115],
[1200069900000,19.128031680440774],
[1200581100000,18.129402203856753],
[1201093200000,16.87797658402204],
[1201635900000,17.724363636363634],
[1202331600000,16.811420110192838],
[1202841000000,16.66228374655648],
[1203355800000,17.834045454545457],
[1203694200000,18.209735537190085],
[1204149600000,19.154743801652902],
[1204659000000,18.80992561983471],
[1205167500000,18.516377410468323],
[1205444700000,18.369498622589532],
[1205948700000,17.77243112947658],
[1206545400000,17.638535812672178],
[1206993600000,17.298827823691465],
[1207325700000,18.10876308539945],
[1207775700000,18.27686501377411],
[1208281500000,17.595329201101922],
[1208884500000,19.0851170798898],
[1209397500000,19.1480261707989],
[1209997800000,20.563465564738294],
[1210272300000,20.789243801652884],
[1210776300000,20.40415151515151],
[1211224500000,20.70441184573004],
[1211823900000,20.23972314049587],
[1212155100000,21.15403856749311],
[1212605100000,20.893374655647385],
[1213112700000,20.26467217630854],
[1213621200000,19.57521625344353],
[1213897500000,19.83355509641873],
[1214403300000,18.621095041322317],
[1214851500000,17.908071625344363],
[1215182700000,17.44794214876033],
[1215724500000,17.14178512396694],
[1216228500000,17.043537190082642],
[1216735200000,18.61281542699724],
[1217011500000,18.182267217630855],
[1217517300000,17.942337465564744],
[1217965500000,17.814436639118462],
[1218471300000,18.142115702479337],
[1218806100000,17.401250688705236],
[1219257000000,16.84912534435261],
[1219761900000,16.99952341597796],
[1220040000000,17.055979338842977],
[1220544900000,16.970144628099174],
[1221054300000,16.777716253443526],
[1221502500000,16.56389807162534],
[1221834600000,15.817322314049584],
[1222284600000,16.74610606060606],
[1222791300000,16.322115702479337],
[1223069400000,16.49823691460055],
[1223577900000,14.16584159779614],
[1224089100000,15.113253443526167],
[1224596700000,13.319057851239666],
[1224881100000,10.766015151515148],
[1225390500000,11.457260330578512],
[1225906200000,15.06486225895317],
[1226417400000,14.077738292011018],
[1226931300000,14.022694214876035],
[1227534300000,12.458216253443524],
[1227815100000,14.23981818181818],
[1228326300000,14.483669421487603],
[1228837500000,15.63492561983471],
[1229356800000,16.18387741046832],
[1229695200000,16.4453650137741],
[1230557400000,14.80563498622589],
[1230667200000,14.54697253068381],
]