[
[1200516300000,18.701535693935693],
[1202311800000,17.32352462352462],
[1203609600000,17.785364265364258],
[1204904700000,18.937213024013026],
[1206387000000,17.780047700447707],
[1207664100000,17.964564265364256],
[1209043800000,18.596789417989427],
[1210365900000,20.61987366707367],
[1211906700000,20.399295563695564],
[1213132500000,20.539613512413503],
[1214412300000,19.1903256003256],
[1215724500000,17.320646967846983],
[1217002500000,18.305497598697595],
[1218222900000,18.07132942612942],
[1219679100000,17.091000895400896],
[1220908500000,16.895841432641426],
[1222182900000,16.439588441188448],
[1223412300000,15.811865689865689],
[1224699300000,13.636013186813187],
[1225999800000,13.370021489621491],
[1227618900000,13.214955636955645],
[1228857300000,15.1633951973952],
[1230566400000,15.542778510378502],
[1230667200000,14.579702380952378],
]