[
[1409771700000,24.065012396694218],
[1410287400000,22.24685812672177],
[1410802200000,20.676475206611574],
[1411144200000,21.630276859504132],
[1411659000000,20.22843388429752],
[1412174700000,18.817674931129478],
[1412690400000,19.13503030303031],
[1413205200000,20.89970661157025],
[1413488700000,20.180942148760323],
[1413999900000,17.37818181818182],
[1414515600000,15.114125344352612],
[1415030400000,14.642315426997246],
[1415372400000,14.1824779614325],
[1415887200000,14.056557851239676],
[1416408300000,12.70291873278237],
[1417009500000,14.26043112947658],
[1417524300000,12.94243388429752],
[1417808700000,12.30332920110193],
[1418322600000,10.904381542699722],
[1418838300000,9.567154269972454],
[1419353100000,10.118172176308542],
[1420213500000,10.144213498622586],
[1420728300000,8.645661157024794],
[1421243100000,9.092212121212125],
[1421757900000,9.37929476584022],
[1422042300000,10.040979338842979],
[1422556200000,9.163440771349865],
[1423071900000,9.44712672176309],
[1423587600000,9.30629889807163],
[1424286000000,9.76307713498622],
[1424805300000,9.639986225895317],
[1425320100000,9.405669421487604],
[1425662100000,9.303090909090907],
[1426176900000,8.791334710743806],
[1426691700000,8.569866391184574],
[1426884300000,9.10079747561675],
]