[
[1200336300000,19.016484494153524],
[1201542300000,17.2317086934418],
[1202841000000,16.649720640569388],
[1203960600000,18.164516014234877],
[1204904700000,18.943623538383328],
[1205948700000,17.999340366039654],
[1207142100000,17.56405922724962],
[1208189700000,18.016062785968494],
[1209397500000,19.036553889171326],
[1210365900000,20.742807320793084],
[1211554800000,20.550711235383833],
[1212605100000,21.055425266903903],
[1213713000000,19.730148703609554],
[1214586900000,18.55144814438231],
[1215724500000,17.243709964412815],
[1216827000000,18.31084799186578],
[1217873700000,17.90554041687849],
[1218806100000,17.676936451448906],
[1219853700000,16.89088637519065],
[1220908500000,16.889453990849006],
[1221834600000,16.02361311642095],
[1222883100000,16.65749694966955],
[1223997300000,14.256108286731067],
[1224881100000,12.047877986781897],
[1225999800000,13.83977275038129],
[1227118500000,13.756654295882058],
[1228326300000,14.29554346720895],
[1229450400000,16.021715810879503],
[1230667200000,14.95673700278352],
]