[
[1199473200000,18.783355311355315],
[1199899800000,18.873545787545783],
[1200327300000,19.187697191697193],
[1200581100000,17.969699633699637],
[1201008600000,16.9175409035409],
[1201204800000,17.2840170940171],
[1201720500000,17.690693528693526],
[1202331600000,16.647968253968255],
[1202756400000,16.28957753357754],
[1203010200000,17.920405372405376],
[1203440400000,18.07955555555555],
[1203694200000,18.225682539682545],
[1204120800000,18.769567765567768],
[1204317000000,19.229675213675215],
[1204743600000,18.782368742368746],
[1205167500000,18.397167277167284],
[1205415900000,18.43261294261294],
[1205782200000,17.894400488400475],
[1206031500000,17.50539194139195],
[1206545400000,17.7049768009768],
[1206739800000,17.29182417582418],
[1207160100000,18.0454188034188],
[1207581300000,18.105445665445664],
[1207775700000,18.25832478632478],
[1208198700000,17.63475946275946],
[1208449800000,18.26784126984127],
[1208969100000,19.213284493284494],
[1209397500000,19.18272527472528],
[1209737700000,19.840266178266173],
[1210109400000,21.287074481074477],
[1210355100000,20.54072039072039],
[1210776300000,20.38190476190476],
[1210970700000,20.535929181929188],
[1211390100000,20.66127960927961],
[1211906700000,20.142244200244207],
[1212155100000,21.273792429792433],
[1212522300000,21.131509157509154],
[1212774300000,20.724500610500616],
[1213195500000,19.615929181929182],
[1213621200000,19.644102564102557],
[1213814700000,20.042639804639805],
[1214237700000,19.089098901098897],
[1214486100000,18.619772893772893],
[1214851500000,17.839101343101348],
[1215099900000,17.61490842490843],
[1215522000000,17.085706959706958],
[1215805500000,17.208490842490843],
[1216228500000,17.03631501831502],
[1216652400000,18.67049572649573],
[1216846800000,18.71849328449329],
[1217267100000,17.754158730158732],
[1217517300000,18.0359413919414],
[1217884500000,17.737711843711843],
[1218131100000,18.2989938949939],
[1218554100000,17.828092796092793],
[1218806100000,17.377753357753356],
[1219173300000,16.78889621489621],
[1219422600000,17.15278144078144],
[1219844700000,16.711536019536016],
[1220040000000,17.115504273504275],
[1220462100000,17.001106227106227],
[1220888700000,16.760713064713066],
[1221083100000,16.63246886446887],
[1221502500000,16.540625152625157],
[1221750900000,15.468774114774115],
[1222119900000,17.138007326007326],
[1222368300000,16.71830525030525],
[1222791300000,16.20393650793651],
[1223040600000,16.84586813186813],
[1223412300000,14.340417582417583],
[1223662500000,13.261780219780217],
[1224089100000,15.443101343101347],
[1224512100000,13.246222222222222],
[1224767700000,12.71009279609279],
[1225136700000,9.89524786324786],
[1225390500000,11.784954822954825],
[1225821600000,14.947614163614162],
[1226075400000,13.844134310134313],
[1226502000000,14.05646398046398],
[1226931300000,14.09875702075702],
[1227274200000,13.094493284493282],
[1227647700000,12.966290598290602],
[1227899700000,14.691706959706956],
[1228326300000,14.501885225885223],
[1228752900000,15.11855189255189],
[1229014800000,16.393181929181928],
[1229441400000,15.969247863247857],
[1229695200000,16.52157264957265],
[1230297300000,15.218964590964593],
[1230667200000,14.474290091930545],
]