[
[1410192900000,23.39802288557215],
[1410896700000,21.03177263681593],
[1411659000000,20.472574129353234],
[1412363700000,17.987987562189055],
[1413299700000,21.284225870646765],
[1413999900000,17.996609950248757],
[1414763100000,14.67670248756219],
[1415639700000,14.268554228855722],
[1416408300000,13.05030298507462],
[1417198500000,13.950381094527357],
[1418133600000,12.068583582089552],
[1418838300000,9.85890199004975],
[1419946200000,10.336045273631841],
[1420822800000,8.89470248756219],
[1421757900000,9.272394527363183],
[1422461700000,9.81158407960199],
[1423224900000,9.510596517412935],
[1424286000000,9.559943781094532],
[1425052800000,9.423745273631843],
[1425929400000,9.266622885572136],
[1426691700000,8.562637810945274],
[1426884300000,9.10079747561675],
]