[
[1410269400000,23.14138009049775],
[1411049700000,21.34544508432744],
[1412003700000,20.290566844919788],
[1412784900000,19.510328259975324],
[1413565200000,20.35619004524887],
[1414515600000,15.720883175647888],
[1415295900000,14.46402591526121],
[1416313800000,13.53239201974496],
[1417180500000,14.036810777457834],
[1418133600000,12.102624434389133],
[1418914800000,9.875057589469352],
[1420213500000,10.233533525298231],
[1421166600000,8.996458658988068],
[1421946900000,9.60564171122995],
[1422900000000,8.856479226655694],
[1423683000000,9.29056807897984],
[1424881800000,9.637385026737967],
[1425662100000,9.364995063759771],
[1426615200000,8.527863842040313],
[1426884300000,9.09606609410008],
]