[
[1199304000000,19.41137634408602],
[1199388600000,18.8367311827957],
[1199473200000,18.544021505376342],
[1199730600000,18.90933333333333],
[1199815200000,19.081784946236557],
[1199899800000,18.688817204301074],
[1199985300000,19.166344086021503],
[1200069900000,19.371032258064513],
[1200327300000,19.05363440860215],
[1200411900000,18.666387096774194],
[1200496500000,18.025182795698928],
[1200581100000,17.785462365591396],
[1200665700000,17.52630107526882],
[1200924000000,17.011849462365593],
[1201008600000,16.741483870967738],
[1201093200000,16.81006451612903],
[1201122000000,16.51234408602151],
[1201204800000,17.992322580645162],
[1201553100000,17.78243010752688],
[1201635900000,17.793290322580646],
[1201720500000,17.53070967741936],
[1201805100000,17.414086021505376],
[1201889700000,16.95834408602151],
[1202331600000,16.159032258064517],
[1202414400000,16.05363440860215],
[1202499000000,16.130752688172045],
[1202756400000,16.500602150537635],
[1202841000000,17.31195698924731],
[1202925600000,17.82341935483871],
[1203010200000,18.12303225806452],
[1203094800000,17.462344086021506],
[1203355800000,18.01565591397849],
[1203440400000,18.278731182795696],
[1203525000000,17.98058064516129],
[1203609600000,18.243978494623654],
[1203694200000,18.26548387096774],
[1203951600000,18.35995698924731],
[1204036200000,18.565892473118282],
[1204120800000,19.090021505376345],
[1204149600000,19.68851612903226],
[1204232400000,19.5278064516129],
[1204317000000,18.91468817204301],
[1204574400000,18.86627956989247],
[1204659000000,18.533290322580644],
[1204743600000,18.94967741935484],
[1204829100000,19.041978494623653],
[1204913700000,18.45959139784946],
[1205167500000,18.152838709677418],
[1205250300000,18.230451612903227],
[1205333100000,18.673849462365588],
[1205415900000,18.224193548387095],
[1205444700000,18.37206451612903],
[1205527500000,18.14954838709677],
[1205782200000,17.53036559139785],
[1205865000000,17.79008602150537],
[1205948700000,17.73311827956989],
[1206031500000,17.244279569892473],
[1206378000000,17.49658064516129],
[1206460800000,17.584602150537638],
[1206545400000,17.795548387096776],
[1206628200000,17.658709677419356],
[1206711000000,17.42632258064516],
[1206739800000,17.102322580645158],
[1206993600000,17.36531182795699],
[1207077300000,17.994602150537634],
[1207160100000,18.292967741935488],
[1207242900000,18.072494623655917],
[1207325700000,18.06320430107527],
[1207581300000,18.16193548387097],
[1207664100000,18.305075268817202],
[1207746900000,18.524924731182796],
[1207775700000,18.05911827956989],
[1207856700000,18.022387096774196],
[1207941300000,17.667591397849463],
[1208198700000,17.470322580645163],
[1208281500000,17.561612903225807],
[1208366100000,18.04036559139785],
[1208449800000,18.700623655913972],
[1208532600000,19.273053763440863],
[1208884500000,19.298752688172044],
[1208969100000,19.09486021505376],
[1209058200000,18.986709677419356],
[1209141900000,19.058129032258066],
[1209397500000,19.372064516129033],
[1209481200000,19.52716129032258],
[1209564000000,19.181935483870966],
[1209737700000,20.76098924731183],
[1209997800000,21.505956989247313],
[1210080600000,21.728516129032254],
[1210109400000,20.94976344086021],
[1210190400000,20.57012903225807],
[1210272300000,20.68365591397849],
[1210355100000,20.415139784946238],
[1210610700000,20.46077419354839],
[1210693500000,20.508860215053762],
[1210776300000,20.24391397849463],
[1210859100000,20.171935483870964],
[1210887900000,20.52152688172043],
[1210970700000,20.608107526881724],
[1211224500000,21.007956989247308],
[1211307300000,20.69208602150538],
[1211390100000,20.468],
[1211563800000,20.131096774193555],
[1211823900000,20.097397849462364],
[1211906700000,20.21836559139785],
[1211989500000,20.861870967741936],
[1212072300000,21.336129032258068],
[1212155100000,21.344107526881718],
[1212183900000,21.900365591397858],
[1212441300000,21.297505376344088],
[1212522300000,20.747354838709676],
[1212605100000,20.57133333333334],
[1212687900000,20.814989247311832],
[1212774300000,20.66427956989247],
[1213029900000,20.437311827956986],
[1213112700000,19.716365591397846],
[1213195500000,19.314989247311825],
[1213278300000,19.185999999999996],
[1213364700000,19.661204301075266],
[1213621200000,19.726989247311828],
[1213650000000,19.781806451612905],
[1213731000000,20.40864516129032],
[1213814700000,19.82118279569893],
[1213897500000,19.516774193548386],
[1213982100000,19.318580645161294],
[1214237700000,18.796387096774193],
[1214320500000,18.574924731182797],
[1214403300000,18.412365591397844],
[1214486100000,18.720387096774193],
[1214514900000,17.875505376344083],
[1214595900000,17.827935483870966],
[1214851500000,17.847354838709677],
[1214934300000,17.602494623655915],
[1215017100000,17.72361290322581],
[1215099900000,17.563247311827958],
[1215182700000,17.18690322580645],
[1215439200000,17.149548387096775],
[1215522000000,17.018322580645158],
[1215695700000,17.055118279569893],
[1215724500000,17.33068817204301],
[1215805500000,17.161225806451615],
[1216062000000,17.15068817204301],
[1216144800000,16.75090322580645],
[1216228500000,17.29240860215054],
[1216311300000,18.245612903225812],
[1216395000000,18.608150537634412],
[1216652400000,18.841247311827956],
[1216735200000,18.469591397849463],
[1216818000000,18.69118279569893],
[1216846800000,18.80015053763441],
[1216928700000,18.257225806451615],
[1217011500000,17.692],
[1217267100000,17.66901075268817],
[1217349900000,17.446451612903225],
[1217434500000,18.07163440860215],
[1217517300000,18.219720430107525],
[1217600100000,18.21832258064516],
[1217855700000,17.974021505376346],
[1217884500000,17.46169892473118],
[1217965500000,17.9778064516129],
[1218048300000,18.384301075268816],
[1218131100000,18.296129032258065],
[1218213900000,18.20821505376344],
[1218471300000,17.921806451612902],
[1218554100000,17.661892473118282],
[1218637800000,17.380817204301074],
[1218721500000,17.198365591397852],
[1218806100000,17.471354838709676],
[1218836700000,17.13036559139785],
[1219092300000,16.846021505376346],
[1219173300000,16.66905376344086],
[1219257000000,16.99509677419355],
[1219339800000,17.00851612903226],
[1219422600000,17.281849462365596],
[1219679100000,17.047655913978495],
[1219761900000,16.81195698924731],
[1219844700000,16.560043010752686],
[1219928400000,16.85015053763441],
[1219959000000,17.271397849462364],
[1220040000000,17.04079569892473],
[1220296500000,16.829354838709676],
[1220379300000,17.05806451612903],
[1220462100000,17.055225806451613],
[1220544900000,16.87832258064516],
[1220628600000,16.43215053763441],
[1220888700000,17.026774193548384],
[1220971500000,16.963053763440858],
[1221054300000,16.613978494623655],
[1221083100000,16.615354838709678],
[1221165900000,16.594301075268817],
[1221246900000,16.964989247311827],
[1221502500000,16.14621505376344],
[1221585300000,15.704150537634407],
[1221668100000,15.592215053763443],
[1221750900000,15.38090322580645],
[1221834600000,16.57769892473118],
[1222090200000,17.458365591397847],
[1222119900000,17.019290322580645],
[1222202700000,16.630387096774196],
[1222284600000,16.54083870967742],
[1222368300000,16.908043010752692],
[1222451100000,16.77],
[1222707600000,16.272709677419357],
[1222791300000,16.093247311827955],
[1222874100000,17.021440860215055],
[1222956900000,17.32843010752688],
[1223040600000,16.49664516129032],
[1223069400000,15.79756989247312],
[1223329500000,14.077053763440858],
[1223412300000,14.163892473118281],
[1223495100000,14.470129032258065],
[1223577900000,13.959483870967741],
[1223662500000,12.483483870967742],
[1223923500000,14.365548387096773],
[1224006300000,15.895978494623655],
[1224089100000,15.311591397849462],
[1224173700000,13.605870967741936],
[1224256500000,13.336688172043011],
[1224512100000,13.058688172043013],
[1224596700000,13.473075268817201],
[1224681300000,13.337784946236559],
[1224767700000,11.989634408602152],
[1224796500000,10.841462365591397],
[1224881100000,9.62825806451613],
[1225136700000,9.9032688172043],
[1225221300000,10.288150537634408],
[1225305900000,11.229247311827958],
[1225390500000,12.647526881720433],
[1225475100000,12.986924731182796],
[1225737000000,14.582817204301076],
[1225821600000,15.88698924731183],
[1225906200000,14.983698924731181],
[1225990800000,13.74858064516129],
[1226075400000,13.729290322580647],
[1226332800000,14.441913978494622],
[1226417400000,14.02941935483871],
[1226502000000,13.93236559139785],
[1226586600000,13.495612903225805],
[1226671200000,14.332817204301076],
[1226931300000,14.074817204301075],
[1227015900000,14.05563440860215],
[1227100500000,13.285139784946235],
[1227274200000,12.568795698924731],
[1227534300000,11.611612903225806],
[1227618900000,12.908623655913978],
[1227647700000,13.36483870967742],
[1227732300000,14.675354838709678],
[1227815100000,14.649634408602152],
[1227899700000,14.779397849462367],
[1228157100000,14.043870967741936],
[1228241700000,14.539806451612902],
[1228326300000,14.630989247311827],
[1228410900000,15.033870967741933],
[1228495500000,14.743978494623656],
[1228752900000,15.593913978494625],
[1228837500000,16.332236559139783],
[1228930200000,16.44617204301075],
[1229014800000,16.39574193548387],
[1229099400000,15.85258064516129],
[1229356800000,16.20152688172043],
[1229441400000,15.886043010752687],
[1229526000000,16.276602150537634],
[1229610600000,16.621182795698925],
[1229695200000,16.494774193548388],
[1229952600000,16.041182795698926],
[1230037200000,15.291376344086022],
[1230297300000,14.849935483870969],
[1230557400000,14.235161290322582],
[1230642000000,14.32410752688172],
[1230667200000,14.644482758620692],
]