[
[1199994300000,18.94413986013986],
[1200942000000,17.55763060468942],
[1201805100000,17.54684615384615],
[1202936400000,16.95736733854381],
[1203712200000,18.149038667215127],
[1204659000000,18.99166104483751],
[1205424900000,18.399884821061292],
[1206451800000,17.55408679555738],
[1207160100000,17.704337309749082],
[1207923300000,18.162058412176066],
[1208960100000,18.75976923076922],
[1209997800000,20.053014397367335],
[1210702500000,20.574580419580425],
[1211554800000,20.573426984779925],
[1212441300000,21.26894035376387],
[1213204500000,20.025162484574253],
[1213973100000,19.770789798436862],
[1214851500000,18.134226244343886],
[1215704700000,17.173023858494446],
[1216415700000,17.91120937885644],
[1217349900000,17.935922665569716],
[1218059100000,18.051626902509256],
[1218824100000,17.481507610037017],
[1219761900000,16.994352941176473],
[1220471100000,16.999052653229114],
[1221237900000,16.69564376799671],
[1222119900000,16.485289181406827],
[1222883100000,16.6329419991773],
[1223653500000,14.17837844508433],
[1224596700000,13.795901686548746],
[1225372500000,10.663616618675443],
[1226323800000,14.253055944055953],
[1227100500000,13.849476347182232],
[1228139100000,14.073603866721518],
[1228857300000,15.479660222130807],
[1229695200000,16.302950226244345],
[1230667200000,14.62978971815956],
]