[
[1410363900000,22.646106984969062],
[1411411500000,21.12023430592395],
[1412345700000,18.478963159445918],
[1413394200000,21.200146478043035],
[1414497600000,16.33989065723549],
[1415372400000,14.395239905688182],
[1416571200000,13.105717948717952],
[1417618800000,13.12756233421751],
[1418667300000,10.758939581491306],
[1419946200000,10.23970557029178],
[1421166600000,8.999384615384615],
[1422042300000,9.76375007368111],
[1423148400000,9.290336870026525],
[1424439000000,9.598959328028295],
[1425491100000,9.45585794282346],
[1426597200000,8.606128794577073],
[1426884300000,9.076391292945187],
]