[
[1199379600000,19.14986666666666],
[1199712600000,18.67233725490196],
[1199815200000,19.04007843137255],
[1199976300000,18.802235294117647],
[1200078900000,19.31463529411765],
[1200411900000,18.771278431372547],
[1200516300000,17.796886274509806],
[1200674700000,17.428047058823527],
[1201008600000,16.75348235294118],
[1201111200000,16.534901960784314],
[1201533300000,17.784713725490196],
[1201635900000,17.801137254901963],
[1201796100000,17.4517568627451],
[1202311800000,16.869490196078434],
[1202414400000,16.044988235294117],
[1202747400000,16.254619607843143],
[1202907600000,17.254133333333336],
[1203010200000,18.104533333333336],
[1203346800000,17.701772549019605],
[1203449400000,18.23068235294118],
[1203609600000,18.18730980392157],
[1203712200000,18.22766274509804],
[1204045200000,18.599270588235296],
[1204149600000,19.5816862745098],
[1204308000000,19.17774901960784],
[1204641000000,18.884101960784317],
[1204743600000,18.812549019607843],
[1204904700000,18.80114509803921],
[1205176500000,18.121458823529412],
[1205333100000,18.556454901960787],
[1205433900000,18.2044],
[1205764200000,18.086439215686273],
[1205865000000,17.711364705882353],
[1206022500000,17.46258039215686],
[1206387000000,17.481952941176473],
[1206545400000,17.80007058823529],
[1206646200000,17.55748235294118],
[1206975600000,17.14002352941177],
[1207077300000,17.855027450980394],
[1207233900000,18.119254901960783],
[1207334700000,18.072478431372552],
[1207664100000,18.312415686274512],
[1207764900000,18.256729411764706],
[1207923300000,17.965372549019605],
[1208198700000,17.52395294117647],
[1208357100000,17.675152941176474],
[1208458800000,18.763388235294116],
[1208884500000,19.3420862745098],
[1209043800000,19.012368627450982],
[1209150900000,19.073882352941176],
[1209481200000,19.5495137254902],
[1209582000000,19.336619607843136],
[1210006800000,21.586015686274514],
[1210109400000,21.095192156862748],
[1210263300000,20.664368627450976],
[1210365900000,20.452635294117645],
[1210693500000,20.533058823529412],
[1210794300000,20.222101960784318],
[1210950900000,20.58027450980392],
[1211224500000,20.888956862745097],
[1211381100000,20.658901960784313],
[1211572800000,20.133474509803918],
[1211906700000,20.164980392156867],
[1212009300000,21.172454901960784],
[1212164100000,21.437749019607843],
[1212441300000,21.45551372549019],
[1212596100000,20.661686274509805],
[1212705900000,20.85326274509804],
[1213029900000,20.47807058823529],
[1213132500000,19.49558431372549],
[1213287300000,19.336792156862746],
[1213621200000,19.723215686274514],
[1213722000000,20.036431372549018],
[1213825500000,19.842086274509807],
[1213982100000,19.382384313725495],
[1214257500000,18.745152941176475],
[1214412300000,18.54629019607843],
[1214514900000,18.04228235294118],
[1214842500000,17.819898039215687],
[1214945100000,17.621545098039213],
[1215099900000,17.59781960784314],
[1215200700000,17.084415686274507],
[1215531000000,16.96493333333333],
[1215724500000,17.271647058823525],
[1216053000000,17.179074509803918],
[1216155600000,16.806094117647053],
[1216311300000,18.062901960784313],
[1216415700000,18.73835294117647],
[1216744200000,18.55197647058824],
[1216846800000,18.787003921568626],
[1217002500000,17.964549019607844],
[1217277900000,17.583639215686276],
[1217434500000,17.891882352941174],
[1217537100000,18.213262745098042],
[1217864700000,17.84687843137255],
[1217965500000,17.855607843137253],
[1218122100000,18.388],
[1218222900000,18.174384313725486],
[1218554100000,17.699137254901963],
[1218655800000,17.312478431372554],
[1218815100000,17.404423529411766],
[1219092300000,16.92946666666667],
[1219248000000,16.799788235294116],
[1219348800000,17.074266666666666],
[1219679100000,17.120619607843143],
[1219779900000,16.662698039215687],
[1219937400000,16.967607843137255],
[1220040000000,17.104258823529413],
[1220370300000,16.92200784313725],
[1220471100000,17.042509803921565],
[1220628600000,16.54183529411765],
[1220908500000,17.00893333333333],
[1221063300000,16.561145098039212],
[1221165900000,16.5725568627451],
[1221493500000,16.631576470588236],
[1221594300000,15.732439215686272],
[1221750900000,15.357427450980396],
[1221852600000,17.08939607843137],
[1222182900000,16.9815137254902],
[1222284600000,16.567333333333334],
[1222442100000,16.880478431372545],
[1222717500000,16.108972549019608],
[1222874100000,16.873788235294118],
[1222974900000,16.78050980392157],
[1223309700000,15.17901176470588],
[1223412300000,14.236847058823527],
[1223568900000,14.197019607843135],
[1223905500000,12.752878431372551],
[1224006300000,15.63896470588235],
[1224163800000,14.687474509803923],
[1224265500000,13.364376470588239],
[1224596700000,13.359011764705881],
[1224699300000,12.719968627450983],
[1224861300000,10.53164705882353],
[1225136700000,9.818807843137257],
[1225296900000,10.698086274509807],
[1225401300000,12.628635294117647],
[1225737000000,14.18254901960784],
[1225897200000,15.6320862745098],
[1225999800000,13.649027450980395],
[1226332800000,14.260039215686273],
[1226437200000,14.0105568627451],
[1226595600000,13.674572549019606],
[1226931300000,14.176313725490196],
[1227033900000,13.653349019607841],
[1227283200000,12.357945098039218],
[1227618900000,12.632831372549022],
[1227721500000,14.008070588235295],
[1227881700000,14.641474509803919],
[1228157100000,14.240329411764705],
[1228317300000,14.557968627450983],
[1228419900000,14.991984313725492],
[1228752900000,15.28972549019608],
[1228857300000,16.303035294117645],
[1229023800000,16.39164705882353],
[1229356800000,16.149819607843142],
[1229461200000,16.00927843137255],
[1229619600000,16.611803921568626],
[1229952600000,16.156407843137256],
[1230055200000,15.19798431372549],
[1230566400000,14.301623529411767],
[1230667200000,14.579702380952378],
]