[
[1410440400000,22.399178444331476],
[1411564500000,20.892665226232843],
[1412690400000,18.772759023894245],
[1413810900000,20.25187010676157],
[1414763100000,15.025354855109306],
[1415887200000,14.14801830198271],
[1417104000000,13.872050838840869],
[1418228100000,11.859849517031005],
[1419353100000,9.920012201321809],
[1420822800000,9.087963904422981],
[1421946900000,9.520125826131162],
[1423071900000,9.20126105744789],
[1424439000000,9.586260803253685],
[1425567600000,9.430634214539909],
[1426691700000,8.622126080325371],
[1426884300000,9.10079747561675],
]