[
[1409942700000,23.547270718232046],
[1410802200000,20.882562922038062],
[1411488000000,20.934347452424795],
[1412174700000,19.20544137507673],
[1412861400000,20.17806936771024],
[1413488700000,20.528329036218537],
[1414170900000,16.69951872314304],
[1415030400000,14.616058931860035],
[1415716200000,14.137615715162676],
[1416408300000,12.978982811540826],
[1417180500000,14.13173664825045],
[1417808700000,12.338058931860033],
[1418667300000,10.430930018416205],
[1419353100000,9.994575199508903],
[1420557300000,9.430641497851443],
[1421243100000,9.062701043585024],
[1421928900000,9.506766114180481],
[1422556200000,9.38402394106814],
[1423242900000,9.564342541436464],
[1424286000000,9.598776550030697],
[1424976300000,9.446165131982811],
[1425662100000,9.354639042357276],
[1426520700000,8.547341313689381],
[1426884300000,9.04212412587413],
]