[
[1200318300000,19.023839080459755],
[1201186800000,17.052884762746828],
[1202499000000,16.694304450338937],
[1203544800000,17.95668759210139],
[1204641000000,19.024547008547003],
[1205444700000,18.413765399351607],
[1206565200000,17.609730916592984],
[1207590300000,18.00024403183023],
[1208449800000,17.961752726201002],
[1209582000000,19.27260182729148],
[1210702500000,20.64928352490422],
[1211823900000,20.44074918950781],
[1212678900000,21.012358974358985],
[1213713000000,19.699720895962283],
[1214514900000,18.662516651930446],
[1215540000000,17.26837989979369],
[1216661400000,17.99135337459476],
[1217517300000,17.95934364868848],
[1218491100000,18.02737960506926],
[1219348800000,17.01963159445918],
[1220379300000,16.9554910109048],
[1221237900000,16.709625994694967],
[1222266600000,16.534867963454168],
[1223069400000,16.577332449160043],
[1224163800000,14.515224580017678],
[1225203300000,11.17256056587091],
[1226075400000,14.060560860595336],
[1227118500000,13.737857942823464],
[1228252500000,14.24870439139405],
[1229356800000,16.028147656940767],
[1230575400000,15.251489242558204],
[1230667200000,14.617678812415651],
]