[
[1410287400000,22.898249654218542],
[1411144200000,21.383852697095435],
[1412174700000,19.430039764868607],
[1413205200000,20.513658022130016],
[1413999900000,18.3474979253112],
[1415030400000,14.730351313969567],
[1415887200000,14.103450899031808],
[1417009500000,13.721338865836785],
[1417808700000,12.480533886583675],
[1418838300000,10.002605463347166],
[1420213500000,10.222258644536653],
[1421243100000,8.99693499308437],
[1422042300000,9.800981673582301],
[1423071900000,9.16854495159059],
[1424286000000,9.521938796680493],
[1425320100000,9.446730982019364],
[1426176900000,8.960218879668046],
[1426884300000,8.919183328503815],
]