[
    [1199712600000,18.833499999999994],
    [1199976300000,18.889499999999998],
    [1200411900000,19.096499999999995],
    [1200674700000,17.74219999999999],
    [1201111200000,16.739100000000004],
    [1201635900000,17.680299999999992],
    [1202311800000,17.3045],
    [1202747400000,16.133799999999997],
    [1203010200000,17.552899999999994],
    [1203449400000,17.936999999999998],
    [1203712200000,18.177399999999995],
    [1204149600000,18.984500000000008],
    [1204641000000,19.082800000000006],
    [1204904700000,18.824200000000005],
    [1205333100000,18.3065],
    [1205764200000,18.257000000000005],
    [1206022500000,17.631700000000002],
    [1206545400000,17.5669],
    [1206975600000,17.3783],
    [1207233900000,17.92209999999999],
    [1207664100000,18.181900000000006],
    [1207923300000,18.17859999999998],
    [1208357100000,17.59329999999999],
    [1208884500000,18.961400000000005],
    [1209150900000,19.059399999999997],
    [1209582000000,19.389799999999994],
    [1210109400000,21.435699999999997],
    [1210365900000,20.588500000000007],
    [1210794300000,20.388100000000005],
    [1211224500000,20.617099999999997],
    [1211572800000,20.4574],
    [1212009300000,20.5643],
    [1212441300000,21.486999999999995],
    [1212705900000,20.74279999999999],
    [1213132500000,20.101200000000002],
    [1213621200000,19.491699999999994],
    [1213825500000,19.966300000000007],
    [1214257500000,19.115000000000002],
    [1214514900000,18.38700000000001],
    [1214945100000,17.76159999999999],
    [1215200700000,17.396600000000003],
    [1215724500000,17.119300000000003],
    [1216155600000,17.0322],
    [1216415700000,18.2219],
    [1216846800000,18.685700000000004],
    [1217277900000,17.874099999999988],
    [1217537100000,17.958700000000004],
    [1217965500000,17.8394],
    [1218222900000,18.271],
    [1218655800000,17.583500000000004],
    [1219092300000,17.18839999999999],
    [1219348800000,16.90240000000001],
    [1219779900000,16.954999999999988],
    [1220040000000,17.00369999999999],
    [1220471100000,16.960400000000003],
    [1220908500000,16.793799999999994],
    [1221165900000,16.60560000000001],
    [1221594300000,16.268799999999995],
    [1221852600000,16.059900000000003],
    [1222284600000,16.849999999999998],
    [1222717500000,16.5845],
    [1222974900000,16.81299999999999],
    [1223412300000,14.951599999999996],
    [1223905500000,13.591199999999994],
    [1224163800000,15.129699999999993],
    [1224596700000,13.252600000000005],
    [1224861300000,11.951199999999996],
    [1225296900000,10.102599999999999],
    [1225737000000,13.019799999999993],
    [1225999800000,14.763300000000008],
    [1226437200000,14.07559999999999],
    [1226931300000,13.915499999999994],
    [1227283200000,13.245599999999994],
    [1227721500000,13.006400000000003],
    [1228157100000,14.536400000000006],
    [1228419900000,14.684499999999991],
    [1228857300000,15.671700000000005],
    [1229356800000,16.238100000000003],
    [1229619600000,16.234900000000003],
    [1230055200000,15.789799999999996],
]