[
[1199455200000,18.92671428571428],
[1199806200000,18.816142857142854],
[1199985300000,18.909000000000002],
[1200336300000,19.177857142857135],
[1200516300000,18.167428571428562],
[1200924000000,17.387285714285714],
[1201102200000,16.707571428571427],
[1201542300000,17.42142857142857],
[1201720500000,17.726571428571425],
[1202311800000,17.168000000000006],
[1202490000000,16.088],
[1202841000000,16.667285714285708],
[1203019200000,17.899571428571427],
[1203431400000,17.89799999999999],
[1203609600000,18.134428571428565],
[1203960600000,18.292285714285715],
[1204138800000,19.04800000000001],
[1204317000000,19.308],
[1204725600000,18.705285714285708],
[1204904700000,18.948571428571434],
[1205250300000,18.198714285714285],
[1205424900000,18.425142857142855],
[1205773200000,18.119999999999994],
[1205948700000,17.73071428571429],
[1206387000000,17.38342857142857],
[1206565200000,17.680714285714284],
[1206739800000,17.354142857142858],
[1207142100000,17.669857142857133],
[1207316700000,18.15871428571429],
[1207664100000,18.19914285714286],
[1207838700000,18.261428571428556],
[1208189700000,17.770428571428575],
[1208366100000,17.67414285714286],
[1208541600000,18.970142857142857],
[1209043800000,19.130285714285733],
[1209397500000,19.144714285714283],
[1209573000000,19.38157142857142],
[1210015800000,21.308285714285727],
[1210190400000,20.960428571428583],
[1210365900000,20.551],
[1210713300000,20.461428571428566],
[1210887900000,20.301571428571425],
[1211289300000,20.812571428571427],
[1211554800000,20.486857142857154],
[1211906700000,20.127142857142857],
[1212081300000,21.07414285714285],
[1212428700000,21.58571428571428],
[1212605100000,20.789285714285707],
[1212785100000,20.703857142857128],
[1213132500000,19.882999999999992],
[1213364700000,19.386999999999997],
[1213713000000,19.783000000000005],
[1213888500000,19.987714285714294],
[1214237700000,19.170285714285715],
[1214412300000,18.566999999999997],
[1214586900000,18.14928571428571],
[1214934300000,17.762285714285717],
[1215108900000,17.598571428571425],
[1215457200000,17.09700000000001],
[1215724500000,17.122857142857143],
[1216126800000,17.157142857142862],
[1216302300000,17.277571428571438],
[1216652400000,18.620142857142863],
[1216827000000,18.63585714285714],
[1217002500000,18.32028571428572],
[1217349900000,17.563857142857145],
[1217526300000,18.058571428571426],
[1217873700000,17.930571428571426],
[1218048300000,18.01471428571428],
[1218222900000,18.254142857142853],
[1218573900000,17.70985714285714],
[1218806100000,17.345714285714283],
[1219155300000,16.98957142857143],
[1219330800000,16.905571428571427],
[1219679100000,17.14428571428571],
[1219853700000,16.699000000000012],
[1220031000000,17.105714285714285],
[1220379300000,16.93185714285713],
[1220553900000,16.93957142857143],
[1220908500000,16.782000000000004],
[1221083100000,16.64228571428572],
[1221484500000,16.728285714285718],
[1221659100000,15.865857142857145],
[1221834600000,15.704285714285717],
[1222182900000,17.194285714285716],
[1222359300000,16.625857142857136],
[1222707600000,16.672571428571423],
[1222883100000,16.572],
[1223058600000,16.73471428571429],
[1223412300000,14.307571428571423],
[1223588700000,14.032714285714283],
[1223997300000,13.999714285714285],
[1224173700000,14.860571428571419],
[1224521100000,13.20614285714286],
[1224699300000,13.146000000000004],
[1224881100000,10.53785714285714],
[1225287900000,10.086142857142862],
[1225466100000,12.208999999999996],
[1225821600000,14.696571428571428],
[1225999800000,14.382999999999996],
[1226408400000,14.142428571428573],
[1226586600000,13.696428571428577],
[1226940300000,14.145142857142856],
[1227118500000,13.479285714285714],
[1227618900000,12.227142857142857],
[1227797100000,13.992714285714287],
[1228148100000,14.574000000000002],
[1228326300000,14.440000000000001],
[1228504500000,14.814428571428572],
[1228857300000,16.110857142857142],
[1229099400000,16.240571428571428],
[1229450400000,16.019714285714286],
[1229628600000,16.490571428571435],
[1230037200000,15.86385714285714],
[1230566400000,14.595714285714289],
[1230667200000,14.490833333333335],
]