[
[1200674700000,18.640424999999993],
[1202747400000,16.964425000000002],
[1204149600000,18.16294999999998],
[1205764200000,18.617625000000007],
[1207233900000,17.624750000000017],
[1208884500000,18.22879999999998],
[1210365900000,20.118350000000007],
[1212009300000,20.506725000000042],
[1213621200000,20.45567499999999],
[1214945100000,18.807474999999997],
[1216415700000,17.4425],
[1217965500000,18.089475000000007],
[1219348800000,17.486324999999997],
[1220908500000,16.928224999999987],
[1222284600000,16.446075000000008],
[1223905500000,15.485075000000034],
[1225296900000,12.60902500000001],
[1226931300000,13.94355],
[1228419900000,13.868224999999994],
[1230055200000,15.983624999999995],
[1230667200000,14.42867346938776],
]