[
    [1200069900000,18.94420833333334],
    [1201093200000,17.733],
    [1202331600000,17.285249999999987],
    [1203355800000,17.123375000000006],
    [1204149600000,18.527166666666655],
    [1205167500000,18.832791666666676],
    [1205948700000,18.100208333333345],
    [1206993600000,17.45091666666668],
    [1207775700000,18.173500000000026],
    [1208884500000,18.22787500000002],
    [1209997800000,19.61362500000001],
    [1210776300000,20.727875000000022],
    [1211823900000,20.474958333333344],
    [1212605100000,21.025416666666676],
    [1213621200000,19.959374999999973],
    [1214403300000,19.35745833333334],
    [1215182700000,17.81745833333332],
    [1216228500000,17.089333333333325],
    [1217011500000,18.450000000000006],
    [1217965500000,17.85150000000002],
    [1218806100000,17.83745833333332],
    [1219761900000,16.988499999999995],
    [1220544900000,16.941416666666644],
    [1221502500000,16.665583333333313],
    [1222284600000,16.33475],
    [1223069400000,16.618333333333336],
    [1224089100000,14.299541666666663],
    [1224881100000,12.49762500000001],
    [1225906200000,12.696333333333332],
    [1226931300000,13.950916666666664],
    [1227815100000,13.382458333333318],
    [1228837500000,14.902583333333318],
    [1229695200000,16.262874999999987],
]