[
[1199730600000,18.842083333333328],
[1200069900000,19.046333333333333],
[1200581100000,18.432166666666664],
[1201093200000,17.03383333333333],
[1201635900000,17.463166666666655],
[1202331600000,17.107333333333337],
[1202841000000,16.420333333333325],
[1203355800000,17.826416666666667],
[1203694200000,18.202916666666667],
[1204149600000,18.851416666666676],
[1204659000000,18.98900000000001],
[1205167500000,18.676583333333344],
[1205444700000,18.350750000000005],
[1205948700000,17.849666666666657],
[1206545400000,17.52491666666667],
[1206993600000,17.37691666666667],
[1207325700000,18.0755],
[1207775700000,18.27149999999999],
[1208281500000,17.70208333333334],
[1208884500000,18.75366666666667],
[1209397500000,19.11041666666667],
[1209997800000,20.11683333333333],
[1210272300000,21.012166666666676],
[1210776300000,20.44358333333333],
[1211224500000,20.549166666666668],
[1211823900000,20.40074999999999],
[1212155100000,20.889],
[1212605100000,21.16183333333334],
[1213112700000,20.447999999999986],
[1213621200000,19.470749999999995],
[1213897500000,19.88891666666667],
[1214403300000,18.826000000000004],
[1214851500000,18.092749999999988],
[1215182700000,17.54216666666666],
[1215724500000,17.105],
[1216228500000,17.073666666666664],
[1216735200000,18.51250000000001],
[1217011500000,18.387499999999996],
[1217517300000,17.803666666666675],
[1217965500000,17.899333333333338],
[1218471300000,18.214083333333335],
[1218806100000,17.460833333333333],
[1219257000000,16.917749999999995],
[1219761900000,17.05924999999998],
[1220040000000,16.934749999999998],
[1220544900000,16.948083333333336],
[1221054300000,16.748916666666666],
[1221502500000,16.582250000000002],
[1221834600000,15.731333333333334],
[1222284600000,16.938166666666664],
[1222791300000,16.50375],
[1223069400000,16.73291666666667],
[1223577900000,14.146333333333327],
[1224089100000,14.452749999999998],
[1224596700000,13.433083333333336],
[1224881100000,11.562166666666661],
[1225390500000,10.87841666666667],
[1225906200000,14.514250000000002],
[1226417400000,13.975749999999996],
[1226931300000,13.926083333333331],
[1227534300000,12.967833333333326],
[1227815100000,13.797083333333331],
[1228326300000,14.482499999999995],
[1228837500000,15.322666666666672],
[1229356800000,16.248833333333337],
[1229695200000,16.27691666666667],
[1230557400000,15.201499999999998],
[1230667200000,14.466724137931035],
]