[
[1200318300000,18.956269230769227],
[1201186800000,17.465846153846147],
[1202499000000,17.100153846153834],
[1203544800000,17.684807692307693],
[1204641000000,18.852153846153847],
[1205444700000,18.51415384615386],
[1206565200000,17.67865384615385],
[1207590300000,17.810615384615385],
[1208449800000,18.011769230769207],
[1209582000000,19.235230769230792],
[1210702500000,20.89361538461538],
[1211823900000,20.456500000000023],
[1212678900000,20.98857692307693],
[1213713000000,19.892500000000002],
[1214514900000,19.054230769230767],
[1215540000000,17.452499999999986],
[1216661400000,17.656499999999998],
[1217517300000,18.125730769230767],
[1218491100000,18.02430769230769],
[1219348800000,17.138961538461523],
[1220379300000,16.964538461538453],
[1221237900000,16.764538461538443],
[1222266600000,16.34415384615385],
[1223069400000,16.61184615384616],
[1224163800000,14.302307692307693],
[1225203300000,11.951615384615394],
[1226075400000,13.370153846153839],
[1227118500000,13.875846153846155],
[1228252500000,13.748576923076923],
[1229356800000,15.693538461538472],
[1230575400000,15.629423076923086],
[1230667200000,14.548157894736843],
]