[
    [1201008600000,18.439200000000003],
    [1203010200000,17.110199999999992],
    [1204743600000,18.563844444444435],
    [1206545400000,18.05126666666666],
    [1208198700000,17.877511111111115],
    [1210109400000,19.478155555555535],
    [1211906700000,20.471377777777825],
    [1213621200000,20.51486666666666],
    [1215099900000,18.677311111111102],
    [1216846800000,17.697266666666653],
    [1218554100000,17.96206666666666],
    [1220040000000,17.054866666666655],
    [1221750900000,16.521822222222216],
    [1223412300000,16.3420888888889],
    [1225136700000,13.066022222222223],
    [1226931300000,13.556533333333327],
    [1228752900000,13.998822222222222],
]