[
[1199473200000,18.832777777777775],
[1199899800000,18.895888888888884],
[1200327300000,19.152999999999988],
[1200581100000,18.21244444444444],
[1201008600000,17.101888888888883],
[1201204800000,17.040444444444443],
[1201720500000,17.728],
[1202331600000,16.935444444444457],
[1202756400000,16.18855555555555],
[1203010200000,17.65855555555555],
[1203440400000,17.912111111111102],
[1203694200000,18.17366666666666],
[1204120800000,18.58622222222223],
[1204317000000,19.381555555555547],
[1204743600000,18.76566666666666],
[1205167500000,18.62255555555557],
[1205415900000,18.376555555555555],
[1205782200000,18.039444444444445],
[1206031500000,17.61211111111112],
[1206545400000,17.605666666666668],
[1206739800000,17.40322222222222],
[1207160100000,17.81422222222221],
[1207581300000,18.089666666666655],
[1207775700000,18.32477777777776],
[1208198700000,17.755666666666677],
[1208449800000,18.004888888888882],
[1208969100000,19.223111111111116],
[1209397500000,19.104555555555553],
[1209737700000,19.656444444444436],
[1210109400000,21.401777777777784],
[1210355100000,20.602555555555565],
[1210776300000,20.435999999999993],
[1210970700000,20.42966666666666],
[1211390100000,20.745222222222218],
[1211906700000,20.143444444444437],
[1212155100000,21.133555555555546],
[1212522300000,21.35322222222222],
[1212774300000,20.682999999999993],
[1213195500000,19.888999999999996],
[1213621200000,19.515555555555547],
[1213814700000,19.994888888888894],
[1214237700000,19.269444444444446],
[1214486100000,18.60644444444445],
[1214851500000,17.872777777777774],
[1215099900000,17.642999999999994],
[1215522000000,17.132222222222225],
[1215805500000,17.151666666666667],
[1216228500000,17.03422222222222],
[1216652400000,18.500000000000004],
[1216846800000,18.668222222222223],
[1217267100000,17.922555555555544],
[1217517300000,17.847444444444452],
[1217884500000,17.89822222222222],
[1218131100000,18.189333333333327],
[1218554100000,17.95277777777778],
[1218806100000,17.392000000000003],
[1219173300000,16.91855555555556],
[1219422600000,17.0738888888889],
[1219844700000,16.83877777777777],
[1220040000000,17.05111111111111],
[1220462100000,16.951111111111114],
[1220888700000,16.776222222222213],
[1221083100000,16.721333333333344],
[1221502500000,16.59033333333334],
[1221750900000,15.570111111111114],
[1222119900000,16.909222222222223],
[1222368300000,16.684555555555548],
[1222791300000,16.40044444444445],
[1223040600000,16.946666666666665],
[1223412300000,14.769555555555552],
[1223662500000,13.66055555555555],
[1224089100000,15.06588888888888],
[1224512100000,13.443111111111115],
[1224767700000,12.997444444444449],
[1225136700000,10.16311111111111],
[1225390500000,11.22788888888889],
[1225821600000,14.266777777777778],
[1226075400000,14.239111111111109],
[1226502000000,14.125999999999996],
[1226931300000,13.922888888888888],
[1227274200000,13.410777777777776],
[1227647700000,12.578333333333333],
[1227899700000,14.602333333333334],
[1228326300000,14.405111111111106],
[1228752900000,14.997555555555557],
[1229014800000,16.364333333333335],
[1229441400000,16.00988888888889],
[1229695200000,16.42611111111112],
[1230297300000,15.509666666666666],
[1230667200000,14.402045454545458],
]