[
    [1201111200000,18.260160000000006],
    [1203449400000,17.321699999999982],
    [1205333100000,18.675079999999994],
    [1207233900000,17.751200000000004],
    [1209150900000,18.394919999999974],
    [1211224500000,20.483840000000004],
    [1213132500000,20.670539999999967],
    [1214945100000,18.94432000000002],
    [1216846800000,17.691139999999994],
    [1218655800000,17.905339999999995],
    [1220471100000,17.00197999999997],
    [1222284600000,16.515619999999988],
    [1224163800000,15.414000000000044],
    [1225999800000,12.61790000000001],
    [1228157100000,13.755900000000002],
    [1230055200000,15.72379999999999],
]