[
    [1200411900000,18.93983333333333],
    [1201635900000,17.38719999999999],
    [1203010200000,16.99706666666667],
    [1204149600000,18.366299999999992],
    [1205333100000,18.737833333333338],
    [1206545400000,17.818533333333324],
    [1207664100000,17.827433333333342],
    [1208884500000,18.244433333333323],
    [1210109400000,19.961633333333346],
    [1211224500000,20.531233333333358],
    [1212441300000,20.83623333333331],
    [1213621200000,20.111899999999967],
    [1214514900000,19.15610000000001],
    [1215724500000,17.425833333333312],
    [1216846800000,17.97993333333334],
    [1217965500000,17.890733333333323],
    [1219092300000,17.680966666666666],
    [1220040000000,16.95370000000001],
    [1221165900000,16.786599999999993],
    [1222284600000,16.392900000000004],
    [1223412300000,16.116366666666682],
    [1224596700000,13.991166666666661],
    [1225737000000,11.691200000000004],
    [1226931300000,14.25146666666668],
    [1228157100000,13.596133333333325],
    [1229356800000,15.531433333333329],
]