[
    [1199388600000,18.944333333333336],
    [1199304000000,18.965333333333334],
    [1199473200000,18.588666666666665],
    [1199730600000,18.869999999999997],
    [1199815200000,19.045333333333325],
    [1199899800000,18.772333333333336],
    [1199985300000,19.001666666666658],
    [1200069900000,19.365999999999996],
    [1200327300000,19.09133333333333],
    [1200411900000,18.753333333333334],
    [1200496500000,18.15233333333333],
    [1200581100000,17.73166666666667],
    [1200665700000,17.516333333333332],
    [1200924000000,17.098333333333333],
    [1201008600000,16.691],
    [1201093200000,16.829666666666668],
    [1201122000000,16.45366666666667],
    [1201204800000,17.838],
    [1201553100000,17.752666666666663],
    [1201635900000,17.80833333333333],
    [1201720500000,17.622999999999998],
    [1201805100000,17.44366666666666],
    [1201889700000,17.085],
    [1202331600000,16.277666666666672],
    [1202414400000,16.007666666666672],
    [1202499000000,16.15233333333333],
    [1202756400000,16.405666666666672],
    [1202841000000,17.115666666666662],
    [1202925600000,17.699],
    [1203010200000,18.161000000000005],
    [1203094800000,17.539333333333335],
    [1203355800000,17.906333333333333],
    [1203440400000,18.29066666666667],
    [1203525000000,18.02333333333333],
    [1203609600000,18.22166666666667],
    [1203694200000,18.276000000000003],
    [1203951600000,18.27566666666667],
    [1204036200000,18.505999999999997],
    [1204120800000,18.976999999999997],
    [1204149600000,19.64699999999999],
    [1204232400000,19.534666666666663],
    [1204317000000,18.963],
    [1204574400000,18.789666666666665],
    [1204659000000,18.66866666666666],
    [1204743600000,18.83866666666667],
    [1204829100000,19.104333333333333],
    [1204913700000,18.574333333333332],
    [1205167500000,18.189],
    [1205250300000,18.158],
    [1205333100000,18.558],
    [1205415900000,18.413666666666664],
    [1205444700000,18.273333333333337],
    [1205527500000,18.19733333333333],
    [1205782200000,17.64766666666667],
    [1205865000000,17.73266666666667],
    [1205948700000,17.821],
    [1206031500000,17.282666666666668],
    [1206378000000,17.43133333333333],
    [1206460800000,17.53333333333334],
    [1206545400000,17.852333333333334],
    [1206628200000,17.62166666666667],
    [1206711000000,17.461666666666666],
    [1206739800000,17.12633333333333],
    [1206993600000,17.297999999999995],
    [1207077300000,17.903333333333332],
    [1207160100000,18.241333333333333],
    [1207242900000,18.054666666666666],
    [1207325700000,18.102666666666668],
    [1207581300000,18.111666666666665],
    [1207664100000,18.352999999999998],
    [1207746900000,18.526666666666667],
    [1207775700000,18.09466666666667],
    [1207856700000,18.017333333333333],
    [1207941300000,17.727333333333334],
    [1208198700000,17.522333333333332],
    [1208281500000,17.54133333333333],
    [1208366100000,17.884333333333338],
    [1208449800000,18.589],
    [1208532600000,19.171333333333333],
    [1208884500000,19.369999999999997],
    [1208969100000,19.128000000000004],
    [1209058200000,18.976333333333333],
    [1209141900000,19.058666666666667],
    [1209397500000,19.278666666666663],
    [1209481200000,19.604666666666667],
    [1209564000000,19.182333333333336],
    [1209737700000,20.182333333333325],
    [1209997800000,21.497999999999994],
    [1210080600000,21.72033333333333],
    [1210109400000,20.987000000000005],
    [1210190400000,20.67599999999999],
    [1210272300000,20.665333333333333],
    [1210355100000,20.46633333333333],
    [1210610700000,20.461666666666666],
    [1210693500000,20.582000000000004],
    [1210776300000,20.264333333333333],
    [1210859100000,20.185666666666666],
    [1210887900000,20.440666666666665],
    [1210970700000,20.66266666666667],
    [1211224500000,20.907666666666668],
    [1211307300000,20.767333333333333],
    [1211390100000,20.560666666666673],
    [1211563800000,20.16933333333333],
    [1211823900000,20.105666666666664],
    [1211906700000,20.15533333333333],
    [1211989500000,20.756999999999998],
    [1212072300000,21.32166666666667],
    [1212155100000,21.322000000000003],
    [1212183900000,21.80599999999999],
    [1212441300000,21.397333333333332],
    [1212522300000,20.85633333333333],
    [1212605100000,20.587666666666664],
    [1212687900000,20.685666666666666],
    [1212774300000,20.775666666666655],
    [1213029900000,20.476333333333333],
    [1213112700000,19.854333333333333],
    [1213195500000,19.336333333333336],
    [1213278300000,19.16533333333333],
    [1213364700000,19.64533333333334],
    [1213621200000,19.736],
    [1213650000000,19.748],
    [1213731000000,20.285333333333334],
    [1213814700000,19.951333333333334],
    [1213897500000,19.57100000000001],
    [1213982100000,19.395666666666667],
    [1214237700000,18.841666666666665],
    [1214320500000,18.634333333333334],
    [1214403300000,18.432333333333336],
    [1214486100000,18.75266666666666],
    [1214514900000,17.948666666666668],
    [1214595900000,17.839333333333336],
    [1214851500000,17.830333333333336],
    [1214934300000,17.679],
    [1215017100000,17.67833333333334],
    [1215099900000,17.571666666666662],
    [1215182700000,17.239666666666665],
    [1215439200000,17.10733333333333],
    [1215522000000,17.049666666666663],
    [1215695700000,16.981],
    [1215724500000,17.281999999999996],
    [1215805500000,17.191999999999997],
    [1216062000000,17.167666666666662],
    [1216144800000,16.805],
    [1216228500000,17.130000000000003],
    [1216311300000,18.141666666666662],
    [1216395000000,18.541666666666664],
    [1216652400000,18.816666666666663],
    [1216735200000,18.549999999999997],
    [1216818000000,18.653333333333332],
    [1216846800000,18.801333333333332],
    [1216928700000,18.361333333333334],
    [1217011500000,17.734],
    [1217267100000,17.67233333333333],
    [1217349900000,17.441],
    [1217434500000,17.903666666666663],
    [1217517300000,18.197666666666667],
    [1217600100000,18.202999999999996],
    [1217855700000,17.998],
    [1217884500000,17.493666666666662],
    [1217965500000,17.902666666666665],
    [1218048300000,18.310333333333336],
    [1218131100000,18.355000000000008],
    [1218213900000,18.200333333333333],
    [1218471300000,17.990666666666666],
    [1218554100000,17.66733333333333],
    [1218637800000,17.470000000000002],
    [1218721500000,17.236],
    [1218806100000,17.469999999999995],
    [1218836700000,17.17866666666667],
    [1219092300000,16.931333333333335],
    [1219173300000,16.645666666666664],
    [1219257000000,16.915333333333333],
    [1219339800000,17.064999999999994],
    [1219422600000,17.24133333333333],
    [1219679100000,17.114666666666665],
    [1219761900000,16.816000000000006],
    [1219844700000,16.585666666666665],
    [1219928400000,16.803],
    [1219959000000,17.259],
    [1220040000000,17.09133333333333],
    [1220296500000,16.841666666666672],
    [1220379300000,16.988666666666663],
    [1220462100000,17.023],
    [1220544900000,16.939],
    [1220628600000,16.525666666666673],
    [1220888700000,16.863999999999997],
    [1220971500000,16.977],
    [1221054300000,16.629],
    [1221083100000,16.558000000000003],
    [1221165900000,16.52],
    [1221246900000,16.923333333333332],
    [1221502500000,16.327666666666666],
    [1221585300000,15.739333333333327],
    [1221668100000,15.675666666666668],
    [1221750900000,15.295333333333332],
    [1221834600000,16.215],
    [1222090200000,17.426],
    [1222119900000,17.086666666666662],
    [1222202700000,16.673333333333336],
    [1222284600000,16.56666666666667],
    [1222368300000,16.813666666666666],
    [1222451100000,16.811666666666667],
    [1222707600000,16.438333333333333],
    [1222791300000,15.951333333333336],
    [1222874100000,16.991],
    [1222956900000,17.32],
    [1223040600000,16.529],
    [1223069400000,16.09166666666666],
    [1223329500000,13.938333333333338],
    [1223412300000,14.278666666666672],
    [1223495100000,14.392333333333339],
    [1223577900000,13.975999999999999],
    [1223662500000,12.613333333333335],
    [1223923500000,13.938333333333334],
    [1224006300000,15.798666666666668],
    [1224089100000,15.460666666666668],
    [1224173700000,13.904333333333332],
    [1224256500000,13.247000000000002],
    [1224512100000,13.177999999999999],
    [1224596700000,13.402999999999997],
    [1224681300000,13.394666666666666],
    [1224767700000,12.19466666666667],
    [1224796500000,10.988666666666663],
    [1224881100000,9.670666666666666],
    [1225136700000,9.829999999999997],
    [1225221300000,10.174999999999999],
    [1225305900000,11.047666666666665],
    [1225390500000,12.460999999999997],
    [1225475100000,12.892],
    [1225737000000,14.257666666666669],
    [1225821600000,15.650666666666664],
    [1225906200000,15.256666666666666],
    [1225990800000,13.868999999999998],
    [1226075400000,13.591666666666665],
    [1226332800000,14.265333333333338],
    [1226417400000,14.176999999999998],
    [1226502000000,13.935666666666666],
    [1226586600000,13.422333333333338],
    [1226671200000,14.193333333333335],
    [1226931300000,14.152999999999999],
    [1227015900000,14.066666666666668],
    [1227100500000,13.371333333333332],
    [1227274200000,12.794333333333334],
    [1227534300000,11.638999999999998],
    [1227618900000,12.769333333333332],
    [1227647700000,13.326666666666672],
    [1227732300000,14.461666666666664],
    [1227815100000,14.630666666666666],
    [1227899700000,14.714666666666668],
    [1228157100000,14.187],
    [1228241700000,14.40066666666667],
    [1228326300000,14.627666666666666],
    [1228410900000,14.907],
    [1228495500000,14.824000000000003],
    [1228752900000,15.261666666666667],
    [1228837500000,16.298000000000005],
    [1228930200000,16.40766666666667],
    [1229014800000,16.387333333333334],
    [1229099400000,15.968000000000002],
    [1229356800000,16.232333333333337],
    [1229441400000,15.829333333333333],
    [1229526000000,16.169666666666664],
    [1229610600000,16.56366666666667],
    [1229695200000,16.544999999999998],
    [1229952600000,16.13966666666667],
    [1230037200000,15.393333333333333],
    [1230297300000,14.996000000000006],
    [1230557400000,14.277],
    [1230642000000,14.320666666666666],
]