[
    [1199295000000,18.810000000000002],
    [1199370600000,19.256999999999998],
    [1199464200000,18.603500000000004],
    [1199388600000,18.7975],
    [1199712600000,18.699499999999997],
    [1199730600000,18.884999999999998],
    [1199806200000,19.047499999999996],
    [1199826000000,18.994000000000003],
    [1199899800000,18.685],
    [1199976300000,18.83599999999999],
    [1199994300000,19.353],
    [1200069900000,19.3625],
    [1200318300000,19.101000000000003],
    [1200336300000,18.9725],
    [1200411900000,18.6935],
    [1200431700000,18.3055],
    [1200505500000,17.767000000000003],
    [1200581100000,17.753499999999995],
    [1200599100000,17.505000000000003],
    [1200674700000,17.380000000000003],
    [1200924000000,17.036999999999995],
    [1200942000000,16.642500000000002],
    [1201017600000,16.821499999999997],
    [1201093200000,16.817],
    [1201111200000,16.3775],
    [1201186800000,16.9835],
    [1201204800000,18.076500000000003],
    [1201542300000,17.733],
    [1201617900000,17.859999999999996],
    [1201635900000,17.7485],
    [1201711500000,17.706],
    [1201787100000,17.5225],
    [1201805100000,17.3715],
    [1201880700000,17.196499999999997],
    [1202311800000,16.726],
    [1202331600000,16.121500000000005],
    [1202405400000,15.917000000000002],
    [1202481000000,16.19],
    [1202499000000,16.133],
    [1202747400000,16.3075],
    [1202823000000,16.597],
    [1202841000000,17.377499999999994],
    [1202916600000,17.599500000000003],
    [1202936400000,18.026499999999995],
    [1203010200000,18.164000000000005],
    [1203085800000,17.610500000000002],
    [1203103800000,17.528],
    [1203355800000,18.029999999999998],
    [1203431400000,18.333000000000002],
    [1203449400000,18.1835],
    [1203525000000,17.9545],
    [1203544800000,18.191],
    [1203618600000,18.281],
    [1203694200000,18.2745],
    [1203712200000,18.186],
    [1203960600000,18.423000000000002],
    [1204036200000,18.563500000000005],
    [1204054200000,18.875499999999995],
    [1204129800000,19.348499999999998],
    [1204149600000,19.712],
    [1204223400000,19.566],
    [1204299000000,19.283],
    [1204317000000,18.8975],
    [1204565400000,18.694499999999998],
    [1204641000000,18.973],
    [1204659000000,18.52],
    [1204734600000,18.741999999999997],
    [1204755300000,19.137999999999998],
    [1204829100000,19.034499999999998],
    [1204904700000,18.686499999999995],
    [1204922700000,18.304499999999994],
    [1205167500000,18.153999999999996],
    [1205241300000,18.0565],
    [1205259300000,18.326999999999995],
    [1205333100000,18.6905],
    [1205351100000,18.605999999999998],
    [1205424900000,18.044999999999998],
    [1205444700000,18.379500000000004],
    [1205516700000,18.240499999999994],
    [1205764200000,18.014000000000003],
    [1205782200000,17.513000000000005],
    [1205856000000,17.692500000000003],
    [1205876700000,17.872499999999995],
    [1205948700000,17.765499999999996],
    [1206022500000,17.314999999999998],
    [1206040500000,17.240000000000002],
    [1206378000000,17.516000000000002],
    [1206451800000,17.427500000000002],
    [1206469800000,17.830999999999996],
    [1206545400000,17.82],
    [1206565200000,17.575],
    [1206637200000,17.627000000000002],
    [1206711000000,17.422999999999995],
    [1206729000000,17.141],
    [1206975600000,17.125500000000006],
    [1206993600000,17.369999999999997],
    [1207068300000,17.829],
    [1207142100000,18.0685],
    [1207160100000,18.319499999999998],
    [1207233900000,18.0235],
    [1207251900000,18.148500000000002],
    [1207325700000,18.064],
    [1207345500000,18.03],
    [1207590300000,18.3685],
    [1207664100000,18.298499999999997],
    [1207682100000,18.536000000000005],
    [1207755900000,18.356500000000004],
    [1207775700000,18.039499999999993],
    [1207847700000,18.0225],
    [1207923300000,17.938500000000005],
    [1207941300000,17.656],
    [1208189700000,17.562500000000004],
    [1208209500000,17.4575],
    [1208281500000,17.575499999999998],
    [1208357100000,17.715000000000003],
    [1208375100000,18.305],
    [1208449800000,18.69],
    [1208523600000,19.037],
    [1208884500000,19.3],
    [1208541600000,19.475],
    [1208960100000,19.155],
    [1208978100000,19.0205],
    [1209058200000,18.980999999999998],
    [1209132900000,19.083000000000002],
    [1209150900000,19.057499999999997],
    [1209397500000,19.365500000000004],
    [1209418200000,19.699499999999993],
    [1209490200000,19.307],
    [1209564000000,19.174],
    [1209582000000,19.403],
    [1209746700000,21.633499999999998],
    [1209997800000,21.484000000000005],
    [1210015800000,21.713499999999993],
    [1210089600000,21.401000000000003],
    [1210109400000,20.946499999999997],
    [1210181400000,20.770999999999994],
    [1210254300000,20.502999999999997],
    [1210272300000,20.737999999999996],
    [1210346100000,20.512],
    [1210365900000,20.418499999999995],
    [1210610700000,20.461499999999997],
    [1210684500000,20.703500000000005],
    [1210702500000,20.331],
    [1210776300000,20.234999999999996],
    [1210794300000,20.2095],
    [1210868100000,20.189000000000004],
    [1210887900000,20.540999999999997],
    [1210959900000,20.715500000000002],
    [1211206500000,20.605],
    [1211224500000,21.034999999999997],
    [1211298300000,20.828],
    [1211318100000,20.704999999999995],
    [1211390100000,20.459],
    [1211554800000,20.200499999999998],
    [1211572800000,20.094500000000004],
    [1211823900000,20.1175],
    [1211897700000,20.083999999999996],
    [1211915700000,20.418499999999998],
    [1211989500000,20.866],
    [1212009300000,21.335500000000003],
    [1212081300000,21.288499999999996],
    [1212155100000,21.3415],
    [1212173100000,21.69549999999999],
    [1212419700000,21.818499999999993],
    [1212441300000,21.290999999999997],
    [1212513300000,20.971],
    [1212587100000,20.612000000000002],
    [1212605100000,20.583],
    [1212678900000,20.546499999999995],
    [1212705900000,21.001499999999997],
    [1212774300000,20.644],
    [1213020900000,20.527499999999996],
    [1213038900000,20.215],
    [1213112700000,19.7535],
    [1213132500000,19.366000000000003],
    [1213204500000,19.226500000000005],
    [1213278300000,19.16],
    [1213296300000,19.620500000000003],
    [1213373700000,19.738500000000002],
    [1213621200000,19.713],
    [1213639200000,19.711000000000006],
    [1213713000000,19.925499999999996],
    [1213731000000,20.413500000000003],
    [1213805700000,20.054499999999997],
    [1213825500000,19.727],
    [1213897500000,19.501999999999995],
    [1213973100000,19.470999999999997],
    [1213991100000,19.081000000000003],
    [1214237700000,18.804],
    [1214257500000,18.717000000000002],
    [1214329500000,18.493],
    [1214403300000,18.39],
    [1214421300000,18.811499999999995],
    [1214495100000,18.3695],
    [1214514900000,17.871000000000002],
    [1214586900000,17.855000000000004],
    [1214833500000,17.801499999999997],
    [1214851500000,17.848],
    [1214925300000,17.7605],
    [1214945100000,17.543],
    [1215017100000,17.7325],
    [1215090900000,17.567499999999995],
    [1215108900000,17.51],
    [1215182700000,17.139500000000005],
    [1215200700000,17.033499999999997],
    [1215448200000,17.217499999999994],
    [1215522000000,16.984499999999997],
    [1215540000000,16.8895],
    [1215704700000,17.161],
    [1215724500000,17.344],
    [1215796500000,17.208999999999996],
    [1216044000000,17.186500000000002],
    [1216062000000,17.144],
    [1216135800000,16.805],
    [1216155600000,16.816499999999998],
    [1216228500000,17.281000000000002],
    [1216302300000,18.079499999999996],
    [1216320300000,18.384999999999998],
    [1216395000000,18.560499999999998],
    [1216415700000,18.803499999999996],
    [1216661400000,18.759],
    [1216735200000,18.487499999999994],
    [1216753200000,18.610000000000003],
    [1216827000000,18.7905],
    [1216846800000,18.7815],
    [1216919700000,18.442],
    [1216993500000,17.997500000000002],
    [1217011500000,17.703500000000002],
    [1217258100000,17.7055],
    [1217277900000,17.522],
    [1217349900000,17.442500000000003],
    [1217425500000,17.746999999999996],
    [1217443500000,18.183999999999997],
    [1217517300000,18.220999999999997],
    [1217537100000,18.198999999999998],
    [1217609100000,18.1185],
    [1217855700000,17.984],
    [1217873700000,17.508499999999998],
    [1217947500000,17.6],
    [1217965500000,17.986],
    [1218039300000,18.226499999999998],
    [1218059100000,18.508],
    [1218131100000,18.263499999999997],
    [1218204900000,18.173000000000002],
    [1218222900000,18.183999999999997],
    [1218471300000,17.9295],
    [1218491100000,17.635499999999997],
    [1218563100000,17.6995],
    [1218637800000,17.371],
    [1218655800000,17.282],
    [1218730500000,17.311],
    [1218806100000,17.466],
    [1218824100000,17.217999999999996],
    [1219072500000,17.110499999999995],
    [1219092300000,16.8365],
    [1219164300000,16.602999999999998],
    [1219239000000,16.717000000000002],
    [1219257000000,17.0215],
    [1219330800000,17.126499999999997],
    [1219348800000,17.044],
    [1219422600000,17.288999999999998],
    [1219670100000,17.218],
    [1219688100000,16.865000000000002],
    [1219761900000,16.813000000000002],
    [1219779900000,16.589999999999996],
    [1219853700000,16.632499999999997],
    [1219928400000,16.860499999999995],
    [1219946400000,17.244],
    [1220022000000,17.264500000000005],
    [1220040000000,17.017000000000003],
    [1220287500000,16.853500000000004],
    [1220361300000,16.7835],
    [1220379300000,17.1085],
    [1220453100000,17.009500000000003],
    [1220471100000,17.046999999999997],
    [1220544900000,16.8865],
    [1220619600000,16.640000000000004],
    [1220637600000,16.407],
    [1220888700000,17.0375],
    [1220908500000,16.998],
    [1220980500000,16.811],
    [1221054300000,16.599999999999998],
    [1221072300000,16.4925],
    [1221146100000,16.5285],
    [1221165900000,16.596],
    [1221237900000,16.8855],
    [1221484500000,16.8835],
    [1221502500000,16.107499999999998],
    [1221576300000,15.774999999999997],
    [1221594300000,15.6925],
    [1221668100000,15.655000000000001],
    [1221687900000,15.16],
    [1221759900000,15.52],
    [1221834600000,16.585500000000003],
    [1221852600000,17.378999999999998],
    [1222099200000,17.358],
    [1222119900000,17.032],
    [1222191900000,16.662],
    [1222266600000,16.664],
    [1222284600000,16.534],
    [1222359300000,16.741500000000002],
    [1222379100000,16.95],
    [1222451100000,16.7465],
    [1222698600000,16.6085],
    [1222717500000,15.875999999999996],
    [1222791300000,16.1],
    [1222811100000,17.018499999999996],
    [1222883100000,17.056500000000003],
    [1222956900000,17.3915],
    [1222974900000,16.4985],
    [1223049600000,16.6585],
    [1223069400000,15.773999999999997],
    [1223318700000,13.656000000000002],
    [1223392500000,14.5475],
    [1223412300000,14.122000000000003],
    [1223486100000,14.324000000000003],
    [1223559900000,14.247499999999999],
    [1223577900000,13.981],
    [1223653500000,12.675999999999998],
    [1223905500000,12.727500000000001],
    [1223923500000,14.423999999999998],
    [1223997300000,15.733500000000001],
    [1224017100000,15.838500000000002],
    [1224089100000,15.317000000000002],
    [1224163800000,14.335499999999996],
    [1224182700000,12.971500000000002],
    [1224256500000,13.419999999999998],
    [1224276300000,13.279999999999998],
    [1224521100000,13.071000000000002],
    [1224596700000,13.520499999999998],
    [1224614700000,13.452499999999997],
    [1224690300000,12.931999999999999],
    [1224767700000,11.9995],
    [1224785700000,11.117999999999999],
    [1224861300000,10.254000000000001],
    [1224881100000,9.616999999999999],
    [1225127700000,9.758999999999999],
    [1225203300000,9.976],
    [1225221300000,10.2725],
    [1225296900000,10.8885],
    [1225372500000,11.627500000000001],
    [1225390500000,12.747000000000002],
    [1225466100000,12.7625],
    [1225719000000,13.211000000000002],
    [1225737000000,14.751],
    [1225812600000,15.473499999999998],
    [1225832400000,15.905499999999998],
    [1225906200000,14.982],
    [1225981800000,14.002500000000001],
    [1225999800000,13.453],
    [1226075400000,13.735500000000002],
    [1226323800000,14.072500000000002],
    [1226341800000,14.542000000000002],
    [1226417400000,14.048999999999998],
    [1226437200000,13.979],
    [1226511000000,13.607],
    [1226586600000,13.450999999999997],
    [1226604600000,13.998499999999998],
    [1226680200000,14.4715],
    [1226931300000,14.0495],
    [1226949300000,14.109],
    [1227024900000,13.767000000000005],
    [1227100500000,13.281],
    [1227118500000,13.008999999999997],
    [1227283200000,12.062000000000001],
    [1227534300000,11.579000000000002],
    [1227552300000,12.647000000000002],
    [1227627900000,13.177000000000001],
    [1227647700000,13.319999999999999],
    [1227721500000,14.308999999999997],
    [1227797100000,14.6755],
    [1227815100000,14.653999999999996],
    [1227890700000,14.637000000000004],
    [1228139100000,14.712499999999997],
    [1228157100000,14.002999999999997],
    [1228232700000,14.259],
    [1228252500000,14.6965],
    [1228326300000,14.587],
    [1228401900000,14.767500000000002],
    [1228419900000,15.1125],
    [1228495500000,14.716500000000002],
    [1228743900000,14.939000000000002],
    [1228761900000,16.041500000000003],
    [1228837500000,16.359],
    [1228857300000,16.302500000000002],
    [1228939200000,16.484],
    [1229014800000,16.406],
    [1229090400000,16.026500000000006],
    [1229108400000,16.033],
    [1229356800000,16.241000000000003],
    [1229432400000,15.712],
    [1229450400000,16.0085],
    [1229526000000,16.278],
    [1229544000000,16.485500000000002],
    [1229619600000,16.6905],
    [1229695200000,16.487000000000002],
    [1229713200000,16.228],
    [1229961600000,15.801499999999999],
    [1230037200000,15.270000000000001],
    [1230055200000,15.1625],
    [1230306300000,14.559000000000001],
    [1230557400000,14.188000000000002],
    [1230575400000,14.312000000000001],
    [1230651000000,14.435499999999996],
]