[
[1199899800000,18.864333333333335],
[1200581100000,18.682722222222207],
[1201204800000,17.071166666666663],
[1202331600000,17.331722222222204],
[1203010200000,16.923555555555556],
[1203694200000,18.042888888888896],
[1204317000000,18.983888888888895],
[1205167500000,18.694111111111113],
[1205782200000,18.20800000000001],
[1206545400000,17.6088888888889],
[1207160100000,17.608722222222237],
[1207775700000,18.207222222222235],
[1208449800000,17.880277777777795],
[1209397500000,19.163833333333358],
[1210109400000,20.529111111111106],
[1210776300000,20.5192777777778],
[1211390100000,20.58744444444444],
[1212155100000,20.6385],
[1212774300000,21.018111111111125],
[1213621200000,19.702277777777773],
[1214237700000,19.632166666666677],
[1214851500000,18.23961111111113],
[1215522000000,17.3876111111111],
[1216228500000,17.092944444444434],
[1216846800000,18.584111111111117],
[1217517300000,17.884999999999987],
[1218131100000,18.043777777777773],
[1218806100000,17.672388888888896],
[1219422600000,16.99622222222221],
[1220040000000,16.944944444444452],
[1220888700000,16.863666666666667],
[1221502500000,16.655833333333327],
[1222119900000,16.239666666666672],
[1222791300000,16.542499999999997],
[1223412300000,15.858111111111103],
[1224089100000,14.363222222222223],
[1224767700000,13.220277777777783],
[1225390500000,10.695500000000004],
[1226075400000,14.252944444444436],
[1226931300000,14.024444444444445],
[1227647700000,12.994555555555548],
[1228326300000,14.503722222222224],
[1229014800000,15.680944444444451],
[1229695200000,16.217999999999993],
[1230667200000,14.962078651685383],
]