[
[1199379600000,18.990799999999993],
[1199712600000,18.67619999999999],
[1199815200000,18.981199999999998],
[1199976300000,18.797800000000006],
[1200078900000,19.331400000000002],
[1200411900000,18.861600000000003],
[1200516300000,17.956999999999997],
[1200674700000,17.527399999999997],
[1201008600000,16.8294],
[1201111200000,16.648800000000005],
[1201533300000,17.5576],
[1201635900000,17.803],
[1201796100000,17.5448],
[1202311800000,17.0642],
[1202414400000,16.0532],
[1202747400000,16.214399999999994],
[1202907600000,17.062800000000003],
[1203010200000,18.043],
[1203346800000,17.648200000000003],
[1203449400000,18.225800000000003],
[1203609600000,18.114799999999992],
[1203712200000,18.240000000000006],
[1204045200000,18.5376],
[1204149600000,19.4314],
[1204308000000,19.317600000000002],
[1204641000000,18.848000000000003],
[1204743600000,18.7112],
[1204904700000,18.937200000000004],
[1205176500000,18.187399999999997],
[1205333100000,18.425600000000003],
[1205433900000,18.317399999999996],
[1205764200000,18.196599999999997],
[1205865000000,17.6448],
[1206022500000,17.6186],
[1206387000000,17.410800000000005],
[1206545400000,17.723],
[1206646200000,17.574799999999996],
[1206975600000,17.181799999999996],
[1207077300000,17.689999999999994],
[1207233900000,18.154200000000007],
[1207334700000,18.095599999999997],
[1207664100000,18.2682],
[1207764900000,18.362599999999997],
[1207923300000,17.994599999999995],
[1208198700000,17.575800000000005],
[1208357100000,17.610799999999994],
[1208458800000,18.5988],
[1208884500000,19.324],
[1209043800000,19.062400000000004],
[1209150900000,19.0564],
[1209481200000,19.508999999999993],
[1209582000000,19.270599999999998],
[1210006800000,21.580799999999996],
[1210109400000,21.290599999999994],
[1210263300000,20.683399999999995],
[1210365900000,20.493599999999997],
[1210693500000,20.5338],
[1210794300000,20.242399999999996],
[1210950900000,20.449199999999998],
[1211224500000,20.784999999999997],
[1211381100000,20.723],
[1211572800000,20.19179999999999],
[1211906700000,20.140199999999997],
[1212009300000,20.98839999999999],
[1212164100000,21.3776],
[1212441300000,21.596400000000003],
[1212596100000,20.75819999999999],
[1212705900000,20.7274],
[1213029900000,20.543400000000005],
[1213132500000,19.659],
[1213287300000,19.278599999999997],
[1213621200000,19.704800000000002],
[1213722000000,19.9124],
[1213825500000,20.0202],
[1213982100000,19.438200000000002],
[1214257500000,18.791800000000002],
[1214412300000,18.506999999999994],
[1214514900000,18.267],
[1214842500000,17.828599999999998],
[1214945100000,17.6946],
[1215099900000,17.636000000000003],
[1215200700000,17.157200000000003],
[1215531000000,17.0432],
[1215724500000,17.195400000000003],
[1216053000000,17.191600000000005],
[1216155600000,16.872800000000005],
[1216311300000,17.7974],
[1216415700000,18.6464],
[1216744200000,18.6184],
[1216846800000,18.753],
[1217002500000,18.1358],
[1217277900000,17.6124],
[1217434500000,17.719200000000004],
[1217537100000,18.198200000000003],
[1217864700000,17.9576],
[1217965500000,17.7212],
[1218122100000,18.349],
[1218222900000,18.193],
[1218554100000,17.77220000000001],
[1218655800000,17.394800000000004],
[1218815100000,17.374799999999997],
[1219092300000,17.002000000000006],
[1219248000000,16.7284],
[1219348800000,17.076400000000007],
[1219679100000,17.1844],
[1219779900000,16.725600000000007],
[1219937400000,16.845799999999997],
[1220040000000,17.1616],
[1220370300000,16.8844],
[1220471100000,17.0364],
[1220628600000,16.669999999999998],
[1220908500000,16.917599999999997],
[1221063300000,16.6498],
[1221165900000,16.561399999999995],
[1221493500000,16.748],
[1221594300000,15.7896],
[1221750900000,15.439200000000005],
[1221852600000,16.680600000000002],
[1222182900000,17.1204],
[1222284600000,16.57959999999999],
[1222442100000,16.835999999999995],
[1222717500000,16.333000000000006],
[1222874100000,16.634599999999992],
[1222974900000,16.991400000000002],
[1223309700000,15.732799999999997],
[1223412300000,14.170399999999997],
[1223568900000,14.245399999999997],
[1223905500000,12.937000000000003],
[1224006300000,15.248799999999996],
[1224163800000,15.010599999999997],
[1224265500000,13.25980000000001],
[1224596700000,13.245399999999997],
[1224699300000,12.996200000000004],
[1224861300000,10.906199999999997],
[1225136700000,9.744799999999996],
[1225296900000,10.460399999999998],
[1225401300000,12.322799999999997],
[1225737000000,13.716800000000003],
[1225897200000,15.601200000000006],
[1225999800000,13.925399999999994],
[1226332800000,14.053400000000002],
[1226437200000,14.097800000000001],
[1226595600000,13.626399999999999],
[1226931300000,14.204599999999997],
[1227033900000,13.818599999999996],
[1227283200000,12.67260000000001],
[1227618900000,12.293200000000004],
[1227721500000,13.7196],
[1227881700000,14.656600000000001],
[1228157100000,14.416199999999998],
[1228317300000,14.473800000000004],
[1228419900000,14.895200000000004],
[1228752900000,15.043600000000003],
[1228857300000,16.299799999999998],
[1229023800000,16.429],
[1229356800000,16.047199999999997],
[1229461200000,15.921399999999997],
[1229619600000,16.548400000000004],
[1229952600000,16.278599999999997],
[1230055200000,15.300999999999997],
[1230566400000,14.368999999999998],
[1230667200000,14.490833333333335],
]