[
    [1200516300000,18.799428571428564],
    [1202311800000,17.282171428571427],
    [1203609600000,17.33745714285715],
    [1204904700000,18.860428571428567],
    [1206387000000,17.97159999999999],
    [1207664100000,17.812514285714304],
    [1209043800000,18.3612857142857],
    [1210365900000,20.269200000000005],
    [1211906700000,20.437914285714328],
    [1213132500000,20.80720000000001],
    [1214412300000,19.37899999999999],
    [1215724500000,17.54599999999998],
    [1217002500000,18.002199999999995],
    [1218222900000,17.96437142857145],
    [1219679100000,17.21899999999998],
    [1220908500000,16.891628571428548],
    [1222182900000,16.427000000000003],
    [1223412300000,16.182542857142877],
    [1224699300000,13.849028571428569],
    [1225999800000,12.382514285714286],
    [1227618900000,13.538085714285712],
    [1228857300000,14.786400000000002],
    [1230566400000,15.842085714285712],
]