[
[1409317200000,23.09],
[1409318100000,23.17],
[1409319000000,22.98],
[1409319900000,22.89],
[1409320800000,22.79],
[1409321700000,22.81],
[1409322600000,22.88],
[1409323500000,22.78],
[1409324400000,22.75],
[1409325300000,22.88],
[1409326200000,22.98],
[1409327100000,22.99],
[1409328000000,23.03],
[1409328900000,23.09],
[1409329800000,23.06],
[1409330700000,23.14],
[1409331600000,23.07],
[1409332500000,23.19],
[1409333400000,23.26],
[1409334300000,23.3],
[1409335200000,23.42],
[1409336100000,23.48],
[1409337000000,23.39],
[1409337900000,23.44],
[1409338800000,23.46],
[1409339700000,23.53],
[1409340600000,23.49],
[1409341500000,23.47],
[1409342400000,23.35],
[1409344200000,23.45],
[1409345100000,23.36],
[1409576400000,23.91],
[1409577300000,24.32],
[1409578200000,24.43],
[1409579100000,24.43],
[1409580000000,24.48],
[1409580900000,24.4],
[1409581800000,24.49],
[1409582700000,24.35],
[1409583600000,24.3],
[1409584500000,24.35],
[1409585400000,24.31],
[1409586300000,24.3],
[1409587200000,24.31],
[1409588100000,24.34],
[1409589000000,24.34],
[1409589900000,24.35],
[1409590800000,24.43],
[1409591700000,24.38],
[1409592600000,24.3],
[1409593500000,24.23],
[1409594400000,24.13],
[1409595300000,24.14],
[1409596200000,24.21],
[1409597100000,24.24],
[1409598000000,24.38],
[1409598900000,24.06],
[1409599800000,23.96],
[1409600700000,23.9],
[1409601600000,23.83],
[1409603400000,23.71],
[1409604300000,23.66],
[1409662800000,23.8],
[1409663700000,23.7],
[1409664600000,23.57],
[1409665500000,23.5],
[1409666400000,23.56],
[1409667300000,23.48],
[1409668200000,23.58],
[1409669100000,23.57],
[1409670000000,23.58],
[1409670900000,23.59],
[1409671800000,23.92],
[1409672700000,23.9],
[1409673600000,24.04],
[1409674500000,24.14],
[1409675400000,23.95],
[1409676300000,23.97],
[1409677200000,24.1],
[1409678100000,24.28],
[1409679000000,24.17],
[1409679900000,24.39],
[1409680800000,24.68],
[1409681700000,24.81],
[1409682600000,24.72],
[1409683500000,24.71],
[1409684400000,24.46],
[1409685300000,24.48],
[1409686200000,24.51],
[1409687100000,24.56],
[1409688000000,24.56],
[1409689800000,24.59],
[1409690700000,24.63],
[1409749200000,24.49],
[1409750100000,24.67],
[1409751000000,24.5],
[1409751900000,24.56],
[1409752800000,24.51],
[1409753700000,24.48],
[1409754600000,24.19],
[1409755500000,24.2],
[1409756400000,24.15],
[1409757300000,23.98],
[1409758200000,23.93],
[1409759100000,24.02],
[1409760000000,24.06],
[1409760900000,23.9],
[1409761800000,23.79],
[1409762700000,23.64],
[1409763600000,23.75],
[1409764500000,23.91],
[1409765400000,23.99],
[1409766300000,23.87],
[1409767200000,23.86],
[1409768100000,23.93],
[1409769000000,23.91],
[1409769900000,23.96],
[1409770800000,23.97],
[1409771700000,24.03],
[1409772600000,24.08],
[1409773500000,23.99],
[1409774400000,23.95],
[1409776200000,24],
[1409777100000,23.91],
[1409835600000,23.3],
[1409836500000,23.28],
[1409837400000,23.5],
[1409838300000,23.6],
[1409839200000,23.66],
[1409840100000,23.67],
[1409841000000,23.75],
[1409841900000,23.95],
[1409842800000,23.68],
[1409843700000,23.66],
[1409844600000,23.5],
[1409845500000,23.59],
[1409846400000,23.48],
[1409847300000,23.43],
[1409848200000,23.47],
[1409849100000,23.55],
[1409850000000,23.62],
[1409850900000,23.55],
[1409851800000,23.28],
[1409852700000,23.28],
[1409853600000,23.1],
[1409854500000,23.15],
[1409855400000,23.19],
[1409856300000,23.01],
[1409857200000,23],
[1409858100000,22.92],
[1409859000000,22.92],
[1409859900000,22.88],
[1409860800000,22.79],
[1409862600000,22.75],
[1409863500000,22.72],
[1409922000000,22.89],
[1409922900000,23.08],
[1409923800000,23.16],
[1409924700000,23.02],
[1409925600000,22.48],
[1409926500000,22.69],
[1409927400000,22.57],
[1409928300000,22.67],
[1409929200000,22.74],
[1409930100000,22.65],
[1409931000000,22.74],
[1409931900000,22.78],
[1409932800000,22.87],
[1409933700000,22.79],
[1409934600000,22.87],
[1409935500000,22.87],
[1409936400000,22.83],
[1409937300000,22.91],
[1409938200000,22.82],
[1409939100000,22.72],
[1409940000000,22.71],
[1409940900000,22.79],
[1409941800000,22.86],
[1409942700000,22.81],
[1409943600000,22.77],
[1409944500000,22.81],
[1409945400000,22.81],
[1409946300000,22.79],
[1409947200000,22.82],
[1409949000000,22.82],
[1409949900000,22.9],
[1410182100000,23.54],
[1410183000000,23.1],
[1410183900000,22.51],
[1410184800000,22.58],
[1410185700000,22.41],
[1410186600000,22.46],
[1410187500000,22.81],
[1410188400000,22.77],
[1410189300000,22.78],
[1410190200000,22.87],
[1410191100000,22.68],
[1410192000000,22.48],
[1410192900000,22.54],
[1410193800000,22.51],
[1410194700000,22.26],
[1410195600000,22.26],
[1410196500000,22.15],
[1410197400000,22.04],
[1410198300000,22.02],
[1410199200000,22.03],
[1410200100000,21.88],
[1410201000000,21.94],
[1410201900000,21.92],
[1410202800000,21.96],
[1410203700000,21.88],
[1410204600000,21.83],
[1410205500000,21.76],
[1410206400000,21.7],
[1410208200000,21.57],
[1410209100000,21.5],
[1410267600000,21.6],
[1410268500000,22.02],
[1410269400000,21.61],
[1410270300000,21.84],
[1410271200000,21.74],
[1410272100000,21.85],
[1410273000000,22.06],
[1410273900000,22.08],
[1410274800000,22.07],
[1410275700000,21.9],
[1410276600000,21.79],
[1410277500000,21.59],
[1410278400000,21.49],
[1410279300000,21.56],
[1410280200000,21.42],
[1410281100000,21.45],
[1410282000000,21.43],
[1410282900000,21.44],
[1410283800000,21.48],
[1410284700000,21.53],
[1410285600000,21.37],
[1410286500000,21.15],
[1410287400000,21.2],
[1410288300000,21.25],
[1410289200000,21.36],
[1410290100000,21.45],
[1410291000000,21.45],
[1410291900000,21.43],
[1410292800000,21.48],
[1410294600000,21.38],
[1410295500000,21.36],
[1410354000000,21.07],
[1410354900000,21.23],
[1410355800000,21.21],
[1410356700000,21.11],
[1410357600000,21.18],
[1410358500000,21.23],
[1410359400000,21.04],
[1410360300000,20.94],
[1410361200000,20.83],
[1410362100000,20.98],
[1410363000000,20.97],
[1410363900000,20.94],
[1410364800000,20.82],
[1410365700000,20.89],
[1410366600000,20.88],
[1410367500000,20.78],
[1410368400000,20.86],
[1410369300000,20.73],
[1410370200000,20.64],
[1410371100000,20.66],
[1410372000000,20.63],
[1410372900000,20.69],
[1410373800000,20.83],
[1410374700000,20.81],
[1410375600000,20.76],
[1410376500000,20.8],
[1410377400000,20.87],
[1410378300000,20.89],
[1410379200000,20.95],
[1410381000000,21.08],
[1410381900000,21.11],
[1410440400000,21.29],
[1410441300000,21.2],
[1410442200000,21.04],
[1410443100000,21.34],
[1410444000000,21.32],
[1410444900000,21.34],
[1410445800000,21.3],
[1410446700000,21.32],
[1410447600000,21.34],
[1410448500000,21.24],
[1410449400000,21.22],
[1410450300000,21.15],
[1410451200000,21.09],
[1410452100000,21.16],
[1410453000000,21.15],
[1410453900000,21.29],
[1410454800000,21.36],
[1410455700000,21.32],
[1410456600000,21.29],
[1410457500000,21.28],
[1410458400000,21.42],
[1410459300000,21.52],
[1410460200000,21.66],
[1410461100000,21.64],
[1410462000000,21.58],
[1410462900000,21.45],
[1410463800000,21.45],
[1410464700000,21.29],
[1410465600000,21.21],
[1410467400000,21.22],
[1410468300000,21.26],
[1410526800000,20.76],
[1410527700000,20.82],
[1410528600000,20.7],
[1410529500000,20.71],
[1410530400000,20.93],
[1410531300000,20.85],
[1410532200000,20.8],
[1410533100000,20.77],
[1410534000000,20.73],
[1410534900000,20.77],
[1410535800000,20.86],
[1410536700000,20.8],
[1410537600000,20.82],
[1410538500000,20.77],
[1410539400000,20.71],
[1410540300000,20.73],
[1410541200000,20.77],
[1410542100000,20.67],
[1410543000000,20.61],
[1410543900000,20.43],
[1410544800000,20.44],
[1410545700000,20.11],
[1410546600000,20.02],
[1410547500000,20.01],
[1410548400000,20.23],
[1410549300000,20.2],
[1410550200000,20.13],
[1410551100000,20.17],
[1410552000000,20.14],
[1410553800000,20.05],
[1410554700000,20.1],
[1410786000000,20.15],
[1410786900000,20.17],
[1410787800000,20.51],
[1410788700000,20.42],
[1410789600000,20.44],
[1410790500000,20.4],
[1410791400000,20.28],
[1410792300000,20.28],
[1410793200000,20.24],
[1410794100000,20.18],
[1410795000000,20.19],
[1410795900000,20.24],
[1410796800000,20.27],
[1410797700000,20.33],
[1410798600000,20.32],
[1410799500000,20.21],
[1410800400000,20.15],
[1410801300000,20.29],
[1410802200000,20.29],
[1410803100000,20.16],
[1410804000000,20.2],
[1410804900000,20.33],
[1410805800000,20.56],
[1410806700000,20.45],
[1410807600000,20.46],
[1410808500000,20.45],
[1410809400000,20.44],
[1410810300000,20.47],
[1410811200000,20.55],
[1410813000000,20.56],
[1410813900000,20.58],
[1410872400000,20.9],
[1410873300000,21.25],
[1410874200000,21.53],
[1410875100000,21.28],
[1410876000000,21.56],
[1410876900000,21.64],
[1410877800000,21.76],
[1410878700000,22.14],
[1410879600000,22.32],
[1410880500000,22.04],
[1410881400000,22.12],
[1410882300000,22.1],
[1410883200000,22.11],
[1410884100000,22.12],
[1410885000000,22.29],
[1410885900000,22.13],
[1410886800000,22.05],
[1410887700000,21.93],
[1410888600000,21.82],
[1410889500000,21.85],
[1410890400000,21.65],
[1410891300000,21.79],
[1410892200000,21.81],
[1410893100000,21.7],
[1410894000000,21.93],
[1410894900000,21.79],
[1410895800000,21.69],
[1410896700000,21.65],
[1410897600000,21.55],
[1410899400000,21.6],
[1410900300000,21.61],
[1410958800000,22.25],
[1410959700000,22.4],
[1410960600000,22.17],
[1410961500000,22.29],
[1410962400000,22.09],
[1410963300000,22.29],
[1410964200000,22.12],
[1410965100000,22.05],
[1410966000000,22.06],
[1410966900000,21.98],
[1410967800000,22.01],
[1410968700000,21.95],
[1410969600000,21.98],
[1410970500000,22.09],
[1410971400000,22.18],
[1410972300000,22.14],
[1410973200000,22.1],
[1410974100000,22.1],
[1410975000000,22.09],
[1410975900000,22.13],
[1410976800000,22.25],
[1410977700000,22.3],
[1410978600000,22.17],
[1410979500000,22.2],
[1410980400000,22.19],
[1410981300000,21.99],
[1410982200000,22.14],
[1410983100000,22.11],
[1410984000000,22.12],
[1410985800000,22],
[1410986700000,21.94],
[1411045200000,21.97],
[1411046100000,21.94],
[1411047000000,21.41],
[1411047900000,21.53],
[1411048800000,21.57],
[1411049700000,21.69],
[1411050600000,21.9],
[1411051500000,21.78],
[1411052400000,21.76],
[1411053300000,21.88],
[1411054200000,21.99],
[1411055100000,22.06],
[1411056000000,21.91],
[1411056900000,21.82],
[1411057800000,21.83],
[1411058700000,21.77],
[1411059600000,21.73],
[1411060500000,21.81],
[1411061400000,21.82],
[1411062300000,21.81],
[1411063200000,21.71],
[1411064100000,21.73],
[1411065000000,21.69],
[1411065900000,21.46],
[1411066800000,21.41],
[1411067700000,21.38],
[1411068600000,21.27],
[1411069500000,21.23],
[1411070400000,21.29],
[1411072200000,21.4],
[1411073100000,21.45],
[1411131600000,21.05],
[1411132500000,21.23],
[1411133400000,21.05],
[1411134300000,21.06],
[1411135200000,21.16],
[1411136100000,21.14],
[1411137000000,21.07],
[1411137900000,21],
[1411138800000,20.98],
[1411139700000,20.9],
[1411140600000,20.89],
[1411141500000,20.94],
[1411142400000,20.84],
[1411143300000,20.91],
[1411144200000,20.93],
[1411145100000,21.1],
[1411146000000,21.02],
[1411146900000,21.05],
[1411147800000,21.05],
[1411148700000,21.23],
[1411149600000,21.23],
[1411150500000,21.28],
[1411151400000,21.24],
[1411152300000,21.15],
[1411153200000,21.18],
[1411154100000,21.12],
[1411155000000,20.96],
[1411155900000,21.03],
[1411156800000,20.91],
[1411158600000,20.88],
[1411159500000,20.89],
[1411390800000,20.05],
[1411391700000,19.97],
[1411392600000,20.13],
[1411393500000,19.96],
[1411394400000,20.07],
[1411395300000,19.99],
[1411396200000,20.08],
[1411397100000,20.17],
[1411398000000,20.09],
[1411398900000,20.01],
[1411399800000,19.93],
[1411400700000,19.74],
[1411401600000,19.79],
[1411402500000,19.88],
[1411403400000,19.86],
[1411404300000,19.94],
[1411405200000,19.88],
[1411406100000,19.93],
[1411407000000,19.94],
[1411407900000,19.91],
[1411408800000,19.98],
[1411409700000,19.88],
[1411410600000,19.86],
[1411411500000,19.85],
[1411412400000,20.01],
[1411413300000,20.27],
[1411414200000,20.47],
[1411415100000,20.46],
[1411416000000,20.59],
[1411417800000,20.56],
[1411418700000,20.59],
[1411477200000,20.31],
[1411478100000,20.46],
[1411479000000,20.91],
[1411479900000,20.81],
[1411480800000,20.63],
[1411481700000,20.54],
[1411482600000,20.18],
[1411483500000,20.23],
[1411484400000,20.18],
[1411485300000,20.25],
[1411486200000,20.22],
[1411487100000,20.16],
[1411488000000,20.07],
[1411488900000,19.96],
[1411489800000,20.05],
[1411490700000,20.14],
[1411491600000,20.01],
[1411492500000,20.05],
[1411493400000,20.14],
[1411494300000,20.15],
[1411495200000,20.09],
[1411496100000,20.12],
[1411497000000,20.27],
[1411497900000,20.29],
[1411498800000,20.31],
[1411499700000,20.31],
[1411500600000,20.26],
[1411501500000,20.3],
[1411502400000,20.13],
[1411504200000,20.08],
[1411505100000,20],
[1411563600000,20.06],
[1411564500000,20.07],
[1411565400000,19.93],
[1411566300000,20.12],
[1411567200000,19.96],
[1411568100000,20.09],
[1411569000000,20.03],
[1411569900000,20.02],
[1411570800000,20.18],
[1411571700000,20.17],
[1411572600000,20.3],
[1411573500000,20.27],
[1411574400000,20.33],
[1411575300000,20.35],
[1411576200000,20.29],
[1411577100000,20.34],
[1411578000000,20.32],
[1411578900000,20.44],
[1411579800000,20.47],
[1411580700000,20.53],
[1411581600000,20.57],
[1411582500000,20.5],
[1411583400000,20.5],
[1411584300000,20.54],
[1411585200000,20.47],
[1411586100000,20.42],
[1411587000000,20.38],
[1411587900000,20.31],
[1411588800000,20.23],
[1411590600000,20.3],
[1411591500000,20.28],
[1411650000000,20.13],
[1411650900000,20.12],
[1411651800000,20.14],
[1411652700000,20.13],
[1411653600000,20.13],
[1411654500000,20.19],
[1411655400000,20],
[1411656300000,20],
[1411657200000,20.04],
[1411658100000,20.1],
[1411659000000,20.05],
[1411659900000,20.09],
[1411660800000,20.03],
[1411661700000,19.97],
[1411662600000,19.95],
[1411663500000,19.94],
[1411664400000,19.95],
[1411665300000,19.95],
[1411666200000,19.93],
[1411667100000,19.93],
[1411668000000,19.98],
[1411668900000,20.02],
[1411669800000,20.04],
[1411670700000,20.03],
[1411671600000,19.97],
[1411672500000,19.99],
[1411673400000,19.99],
[1411674300000,19.95],
[1411675200000,19.84],
[1411677000000,19.93],
[1411677900000,19.87],
[1411736400000,19.92],
[1411737300000,20.23],
[1411738200000,20.45],
[1411739100000,20.49],
[1411740000000,20.47],
[1411740900000,20.46],
[1411741800000,20.62],
[1411742700000,20.73],
[1411743600000,20.64],
[1411744500000,20.64],
[1411745400000,20.69],
[1411746300000,20.74],
[1411747200000,20.83],
[1411748100000,20.89],
[1411749000000,20.93],
[1411749900000,20.99],
[1411750800000,20.95],
[1411751700000,21.14],
[1411752600000,20.96],
[1411753500000,20.98],
[1411754400000,21.07],
[1411755300000,21.04],
[1411756200000,21.17],
[1411757100000,21.1],
[1411758000000,21.08],
[1411758900000,20.97],
[1411759800000,20.98],
[1411760700000,21],
[1411761600000,20.94],
[1411763400000,21.05],
[1411764300000,21.15],
[1411996500000,18.95],
[1411997400000,18.83],
[1411998300000,18.93],
[1411999200000,19.01],
[1412000100000,19.07],
[1412001000000,19.01],
[1412001900000,19],
[1412002800000,19.01],
[1412003700000,19.04],
[1412004600000,19.07],
[1412005500000,19.13],
[1412006400000,19.02],
[1412007300000,18.94],
[1412008200000,18.98],
[1412009100000,18.92],
[1412010000000,18.97],
[1412010900000,18.98],
[1412011800000,19.01],
[1412012700000,19.01],
[1412013600000,19.05],
[1412014500000,19.14],
[1412015400000,19.14],
[1412016300000,19.15],
[1412017200000,19.15],
[1412018100000,19.1],
[1412019000000,18.99],
[1412019900000,18.71],
[1412020800000,18.6],
[1412022600000,18.63],
[1412023500000,18.54],
[1412082000000,18.47],
[1412082900000,18.09],
[1412083800000,17.8],
[1412084700000,18.01],
[1412085600000,18.11],
[1412086500000,18.14],
[1412087400000,18.24],
[1412088300000,18.21],
[1412089200000,18.44],
[1412090100000,18.49],
[1412091000000,18.33],
[1412091900000,18.38],
[1412092800000,18.32],
[1412093700000,18.24],
[1412094600000,18.25],
[1412095500000,18.26],
[1412096400000,18.38],
[1412097300000,18.39],
[1412098200000,18.26],
[1412099100000,18.27],
[1412100000000,18.28],
[1412100900000,18.23],
[1412101800000,18.37],
[1412102700000,18.39],
[1412103600000,18.46],
[1412104500000,18.3],
[1412105400000,18.22],
[1412106300000,18.2],
[1412107200000,18.09],
[1412109000000,17.97],
[1412109900000,17.9],
[1412168400000,17.52],
[1412169300000,17.57],
[1412170200000,17.63],
[1412171100000,17.67],
[1412172000000,17.76],
[1412172900000,17.73],
[1412173800000,17.65],
[1412174700000,17.6],
[1412175600000,17.55],
[1412176500000,17.6],
[1412177400000,17.55],
[1412178300000,17.46],
[1412179200000,17.42],
[1412180100000,17.45],
[1412181000000,17.4],
[1412181900000,17.35],
[1412182800000,17.32],
[1412183700000,17.31],
[1412184600000,17.25],
[1412185500000,17.13],
[1412186400000,17.25],
[1412187300000,17.18],
[1412188200000,17.25],
[1412189100000,17.25],
[1412190000000,17.17],
[1412190900000,17.19],
[1412191800000,17.15],
[1412192700000,17.24],
[1412193600000,17.09],
[1412195400000,17.04],
[1412196300000,17.06],
[1412254800000,17.32],
[1412255700000,17.43],
[1412256600000,17.35],
[1412257500000,17.33],
[1412258400000,17],
[1412259300000,17.1],
[1412260200000,17.12],
[1412261100000,16.96],
[1412262000000,16.99],
[1412262900000,17.02],
[1412263800000,16.95],
[1412264700000,16.88],
[1412265600000,17.05],
[1412266500000,17.01],
[1412267400000,16.99],
[1412268300000,17.15],
[1412269200000,17.34],
[1412270100000,17.39],
[1412271000000,17.36],
[1412271900000,17.45],
[1412272800000,17.56],
[1412273700000,17.57],
[1412274600000,17.58],
[1412275500000,17.67],
[1412276400000,17.57],
[1412277300000,17.48],
[1412278200000,17.46],
[1412279100000,17.38],
[1412280000000,17.3],
[1412281800000,17.18],
[1412282700000,17.1],
[1412341200000,17.83],
[1412342100000,17.58],
[1412343000000,17.4],
[1412343900000,17.31],
[1412344800000,17.34],
[1412345700000,17.48],
[1412346600000,17.5],
[1412347500000,17.61],
[1412348400000,17.7],
[1412349300000,17.71],
[1412350200000,17.86],
[1412351100000,17.99],
[1412352000000,18.03],
[1412352900000,18.13],
[1412353800000,18.21],
[1412354700000,18.36],
[1412355600000,18.16],
[1412356500000,18.07],
[1412357400000,18.26],
[1412358300000,18.27],
[1412359200000,18.35],
[1412360100000,18.21],
[1412361000000,18.13],
[1412361900000,18.11],
[1412362800000,18],
[1412363700000,18.13],
[1412364600000,18],
[1412365500000,18.14],
[1412366400000,18.35],
[1412368200000,18.28],
[1412369100000,18.34],
[1412601300000,20.76],
[1412602200000,20.53],
[1412603100000,20.57],
[1412604000000,20.18],
[1412604900000,20.15],
[1412605800000,20.47],
[1412606700000,20.4],
[1412607600000,20.52],
[1412608500000,20.58],
[1412609400000,20.5],
[1412610300000,20.57],
[1412611200000,20.48],
[1412612100000,20.42],
[1412613000000,20.46],
[1412613900000,20.4],
[1412614800000,20.45],
[1412615700000,20.68],
[1412616600000,20.7],
[1412617500000,20.71],
[1412618400000,20.66],
[1412619300000,20.69],
[1412620200000,20.82],
[1412621100000,20.68],
[1412622000000,20.67],
[1412622900000,20.52],
[1412623800000,20.57],
[1412624700000,20.38],
[1412625600000,20.39],
[1412627400000,20.43],
[1412628300000,20.65],
[1412686800000,21],
[1412687700000,20.9],
[1412688600000,20.77],
[1412689500000,20.77],
[1412690400000,20.88],
[1412691300000,21.18],
[1412692200000,21.52],
[1412693100000,21.55],
[1412694000000,21.6],
[1412694900000,21.42],
[1412695800000,21.58],
[1412696700000,21.55],
[1412697600000,21.48],
[1412698500000,21.51],
[1412699400000,21.55],
[1412700300000,21.49],
[1412701200000,21.49],
[1412702100000,21.62],
[1412703000000,21.62],
[1412703900000,21.56],
[1412704800000,21.67],
[1412705700000,21.56],
[1412706600000,21.51],
[1412707500000,21.3],
[1412708400000,21.21],
[1412709300000,21.23],
[1412710200000,21.12],
[1412711100000,21.13],
[1412712000000,21.21],
[1412713800000,21.27],
[1412714700000,21.3],
[1412773200000,21.63],
[1412774100000,21.7],
[1412775000000,21.32],
[1412775900000,20.95],
[1412776800000,20.87],
[1412777700000,20.4],
[1412778600000,20.43],
[1412779500000,20.22],
[1412780400000,20.21],
[1412781300000,20.25],
[1412782200000,20.33],
[1412783100000,20.34],
[1412784000000,20.31],
[1412784900000,20.21],
[1412785800000,20.15],
[1412786700000,20.11],
[1412787600000,20.44],
[1412788500000,20.37],
[1412789400000,20.25],
[1412790300000,20.35],
[1412791200000,20.55],
[1412792100000,20.5],
[1412793000000,20.57],
[1412793900000,20.88],
[1412794800000,20.98],
[1412795700000,21.07],
[1412796600000,20.98],
[1412797500000,20.97],
[1412798400000,20.85],
[1412800200000,21.26],
[1412801100000,21.26],
[1412859600000,21.68],
[1412860500000,21.59],
[1412861400000,21.57],
[1412862300000,21.39],
[1412863200000,21.51],
[1412864100000,21.51],
[1412865000000,21.56],
[1412865900000,21.55],
[1412866800000,21.62],
[1412867700000,21.57],
[1412868600000,21.58],
[1412869500000,21.54],
[1412870400000,21.48],
[1412871300000,21.33],
[1412872200000,21.38],
[1412873100000,21.53],
[1412874000000,21.4],
[1412874900000,21.37],
[1412875800000,21.5],
[1412876700000,21.45],
[1412877600000,21.4],
[1412878500000,21.44],
[1412879400000,21.65],
[1412880300000,21.63],
[1412881200000,21.8],
[1412882100000,21.82],
[1412883000000,21.39],
[1412883900000,21.36],
[1412884800000,21.2],
[1412886600000,21.26],
[1412887500000,21.27],
[1412946000000,20.95],
[1412946900000,21.1],
[1412947800000,20.81],
[1412948700000,20.56],
[1412949600000,20.49],
[1412950500000,20.43],
[1412951400000,20.3],
[1412952300000,20.24],
[1412953200000,20.37],
[1412954100000,20.3],
[1412955000000,20.24],
[1412955900000,20.42],
[1412956800000,20.58],
[1412957700000,20.51],
[1412958600000,20.61],
[1412959500000,20.75],
[1412960400000,20.68],
[1412961300000,20.61],
[1412962200000,20.82],
[1412963100000,20.79],
[1412964000000,20.89],
[1412964900000,20.95],
[1412965800000,20.87],
[1412966700000,20.65],
[1412967600000,20.49],
[1412968500000,20.31],
[1412969400000,20.24],
[1412970300000,20.16],
[1412971200000,20.02],
[1412973000000,20.06],
[1412973900000,20.05],
[1413205200000,21.17],
[1413206100000,21.55],
[1413207000000,21.6],
[1413207900000,21.53],
[1413208800000,21.65],
[1413209700000,21.56],
[1413210600000,21.65],
[1413211500000,21.85],
[1413212400000,21.77],
[1413213300000,21.8],
[1413214200000,21.88],
[1413215100000,21.87],
[1413216000000,21.85],
[1413216900000,21.89],
[1413217800000,21.86],
[1413218700000,21.87],
[1413219600000,22.1],
[1413220500000,22.18],
[1413221400000,22.29],
[1413222300000,22.22],
[1413223200000,22.27],
[1413224100000,22.2],
[1413225000000,22.23],
[1413225900000,22],
[1413226800000,22.24],
[1413227700000,22.18],
[1413228600000,22.13],
[1413229500000,22.11],
[1413230400000,22.13],
[1413232200000,22.14],
[1413233100000,22.1],
[1413291600000,21.67],
[1413292500000,21.68],
[1413293400000,21.64],
[1413294300000,21.48],
[1413295200000,21.6],
[1413296100000,21.64],
[1413297000000,22],
[1413297900000,22.05],
[1413298800000,22.34],
[1413299700000,22.19],
[1413300600000,22.3],
[1413301500000,22.48],
[1413302400000,22.29],
[1413303300000,22.31],
[1413304200000,22.34],
[1413305100000,22.32],
[1413306000000,22.38],
[1413306900000,22.13],
[1413307800000,22.11],
[1413308700000,22.25],
[1413309600000,22.16],
[1413310500000,21.97],
[1413311400000,22],
[1413312300000,21.95],
[1413313200000,21.8],
[1413314100000,21.74],
[1413315000000,21.76],
[1413315900000,21.71],
[1413316800000,21.65],
[1413318600000,21.56],
[1413319500000,21.6],
[1413378000000,20.75],
[1413378900000,20.64],
[1413379800000,20.23],
[1413380700000,20.53],
[1413381600000,20.5],
[1413382500000,20.69],
[1413383400000,20.53],
[1413384300000,20.52],
[1413385200000,20.62],
[1413386100000,20.4],
[1413387000000,20.25],
[1413387900000,20.29],
[1413388800000,20.17],
[1413389700000,20.09],
[1413390600000,19.86],
[1413391500000,19.72],
[1413392400000,19.85],
[1413393300000,19.68],
[1413394200000,19.76],
[1413395100000,19.85],
[1413396000000,20.08],
[1413396900000,20.01],
[1413397800000,20.1],
[1413398700000,20.16],
[1413399600000,20.19],
[1413400500000,20.14],
[1413401400000,20.38],
[1413402300000,20.28],
[1413403200000,20.15],
[1413405000000,20.23],
[1413405900000,20.18],
[1413464400000,18.9],
[1413465300000,18.82],
[1413466200000,19.12],
[1413467100000,19.2],
[1413468000000,18.88],
[1413468900000,18.96],
[1413469800000,18.9],
[1413470700000,18.93],
[1413471600000,18.87],
[1413472500000,19.08],
[1413473400000,18.92],
[1413474300000,18.9],
[1413475200000,19.02],
[1413476100000,19.02],
[1413477000000,19.1],
[1413477900000,19.26],
[1413478800000,19.3],
[1413479700000,19.27],
[1413480600000,19.5],
[1413481500000,19.18],
[1413482400000,19.1],
[1413483300000,18.98],
[1413484200000,19.02],
[1413485100000,18.88],
[1413486000000,18.93],
[1413486900000,18.85],
[1413487800000,18.76],
[1413488700000,18.76],
[1413489600000,18.65],
[1413491400000,18.65],
[1413492300000,18.59],
[1413550800000,19.28],
[1413551700000,19.23],
[1413552600000,19.27],
[1413553500000,19.4],
[1413554400000,19.33],
[1413555300000,19.33],
[1413556200000,19.28],
[1413557100000,19.32],
[1413558000000,19.37],
[1413558900000,19.41],
[1413559800000,19.37],
[1413560700000,19.33],
[1413561600000,19.3],
[1413562500000,19.33],
[1413563400000,19.27],
[1413564300000,19.23],
[1413565200000,19.16],
[1413566100000,19.08],
[1413567000000,19.22],
[1413567900000,19.19],
[1413568800000,18.98],
[1413569700000,19.04],
[1413570600000,19.12],
[1413571500000,19.06],
[1413572400000,19.1],
[1413573300000,18.87],
[1413574200000,18.67],
[1413575100000,19.09],
[1413576000000,19.09],
[1413577800000,19.11],
[1413578700000,18.79],
[1413806400000,18.73],
[1413807300000,18.87],
[1413808200000,18.79],
[1413809100000,18.62],
[1413810000000,18.52],
[1413810900000,18.49],
[1413811800000,18.42],
[1413812700000,18.62],
[1413813600000,18.5],
[1413814500000,18.65],
[1413815400000,18.57],
[1413816300000,18.45],
[1413817200000,18.53],
[1413818100000,18.53],
[1413819000000,18.53],
[1413819900000,18.61],
[1413820800000,18.58],
[1413821700000,18.59],
[1413822600000,18.53],
[1413823500000,18.46],
[1413824400000,18.49],
[1413825300000,18.48],
[1413826200000,18.38],
[1413827100000,18.39],
[1413828000000,18.49],
[1413828900000,18.23],
[1413829800000,18.09],
[1413830700000,17.95],
[1413831600000,17.92],
[1413833400000,17.95],
[1413834300000,17.98],
[1413892800000,16.65],
[1413893700000,16.56],
[1413894600000,16.58],
[1413895500000,16.53],
[1413896400000,16.46],
[1413897300000,16.5],
[1413898200000,16.84],
[1413899100000,16.96],
[1413900000000,17.07],
[1413900900000,17.02],
[1413901800000,17.17],
[1413902700000,17.12],
[1413903600000,17.03],
[1413904500000,17.16],
[1413905400000,17.16],
[1413906300000,17.02],
[1413907200000,16.89],
[1413908100000,16.79],
[1413909000000,16.68],
[1413909900000,16.73],
[1413910800000,16.62],
[1413911700000,16.68],
[1413912600000,16.79],
[1413913500000,16.7],
[1413914400000,16.57],
[1413915300000,16.65],
[1413916200000,16.59],
[1413917100000,16.61],
[1413918000000,16.68],
[1413919800000,16.92],
[1413920700000,16.9],
[1413979200000,16.93],
[1413980100000,16.69],
[1413981000000,16.78],
[1413981900000,16.91],
[1413982800000,16.8],
[1413983700000,16.85],
[1413984600000,17.13],
[1413985500000,17.15],
[1413986400000,17.03],
[1413987300000,17.13],
[1413988200000,17.12],
[1413989100000,17.14],
[1413990000000,17.09],
[1413990900000,16.95],
[1413991800000,17],
[1413992700000,17.04],
[1413993600000,17.09],
[1413994500000,17],
[1413995400000,16.88],
[1413996300000,16.88],
[1413997200000,16.85],
[1413998100000,16.68],
[1413999000000,16.74],
[1413999900000,16.48],
[1414000800000,16.49],
[1414001700000,16.42],
[1414002600000,16.57],
[1414003500000,16.6],
[1414004400000,16.61],
[1414006200000,16.52],
[1414007100000,16.52],
[1414065600000,16.23],
[1414066500000,15.98],
[1414067400000,15.89],
[1414068300000,15.87],
[1414069200000,16.02],
[1414070100000,16.12],
[1414071000000,16.05],
[1414071900000,16.16],
[1414072800000,16.2],
[1414073700000,16.11],
[1414074600000,16.21],
[1414075500000,16.06],
[1414076400000,16.03],
[1414077300000,15.85],
[1414078200000,15.73],
[1414079100000,15.61],
[1414080000000,15.79],
[1414080900000,15.74],
[1414081800000,15.6],
[1414082700000,15.72],
[1414083600000,15.78],
[1414084500000,15.83],
[1414085400000,15.84],
[1414086300000,15.87],
[1414087200000,15.71],
[1414088100000,15.63],
[1414089000000,15.57],
[1414089900000,15.57],
[1414090800000,15.41],
[1414092600000,15.54],
[1414093500000,15.51],
[1414152000000,15.63],
[1414152900000,15.71],
[1414153800000,15.86],
[1414154700000,16],
[1414155600000,16.03],
[1414156500000,16.14],
[1414157400000,16.37],
[1414158300000,16.51],
[1414159200000,16.65],
[1414160100000,16.78],
[1414161000000,16.55],
[1414161900000,16.47],
[1414162800000,16.45],
[1414163700000,16.59],
[1414164600000,16.66],
[1414165500000,16.79],
[1414166400000,16.83],
[1414167300000,16.69],
[1414168200000,16.71],
[1414169100000,16.81],
[1414170000000,16.63],
[1414170900000,16.68],
[1414171800000,16.62],
[1414172700000,16.77],
[1414173600000,16.63],
[1414174500000,16.29],
[1414175400000,16.17],
[1414176300000,16.16],
[1414177200000,16.3],
[1414179000000,16.6],
[1414179900000,16.62],
[1414412100000,14.28],
[1414413000000,14.18],
[1414413900000,14.22],
[1414414800000,14.17],
[1414415700000,14.19],
[1414416600000,14.4],
[1414417500000,14.51],
[1414418400000,14.38],
[1414419300000,14.31],
[1414420200000,14.17],
[1414421100000,14.29],
[1414422000000,14.27],
[1414422900000,14.22],
[1414423800000,14.29],
[1414424700000,14.28],
[1414425600000,14.34],
[1414426500000,14.2],
[1414427400000,14.11],
[1414428300000,14],
[1414429200000,14.13],
[1414430100000,14.23],
[1414431000000,14.5],
[1414431900000,14.34],
[1414432800000,14.35],
[1414433700000,14.31],
[1414434600000,14.26],
[1414435500000,14.29],
[1414436400000,14.29],
[1414438200000,14.39],
[1414439100000,14.52],
[1414497600000,14.95],
[1414498500000,14.89],
[1414499400000,14.74],
[1414500300000,14.75],
[1414501200000,14.73],
[1414502100000,14.84],
[1414503000000,14.83],
[1414503900000,14.75],
[1414504800000,14.67],
[1414505700000,14.77],
[1414506600000,14.82],
[1414507500000,14.89],
[1414508400000,14.91],
[1414509300000,14.88],
[1414510200000,14.81],
[1414511100000,14.86],
[1414512000000,14.84],
[1414512900000,14.91],
[1414513800000,14.82],
[1414514700000,14.83],
[1414515600000,14.79],
[1414516500000,14.71],
[1414517400000,14.81],
[1414518300000,14.83],
[1414519200000,14.84],
[1414520100000,14.94],
[1414521000000,15.01],
[1414521900000,15.03],
[1414522800000,15.03],
[1414524600000,14.99],
[1414525500000,14.87],
[1414584000000,14.76],
[1414584900000,14.58],
[1414585800000,14.26],
[1414586700000,14.43],
[1414587600000,14.46],
[1414588500000,14.49],
[1414589400000,14.52],
[1414590300000,14.49],
[1414591200000,14.53],
[1414592100000,14.52],
[1414593000000,14.59],
[1414593900000,14.53],
[1414594800000,14.58],
[1414595700000,14.55],
[1414596600000,14.55],
[1414597500000,14.55],
[1414598400000,14.56],
[1414599300000,14.56],
[1414600200000,14.49],
[1414601100000,14.42],
[1414602000000,14.43],
[1414602900000,14.36],
[1414603800000,14.31],
[1414604700000,14.3],
[1414605600000,14.25],
[1414606500000,14.2],
[1414607400000,14.08],
[1414608300000,14.09],
[1414609200000,14.02],
[1414611000000,14.24],
[1414611900000,14.3],
[1414670400000,14.61],
[1414671300000,14.51],
[1414672200000,14.45],
[1414673100000,14.31],
[1414674000000,14.31],
[1414674900000,14.39],
[1414675800000,14.22],
[1414676700000,14.06],
[1414677600000,14.14],
[1414678500000,14.2],
[1414679400000,14.31],
[1414680300000,14.34],
[1414681200000,14.29],
[1414682100000,14.23],
[1414683000000,14.27],
[1414683900000,14.27],
[1414684800000,14.38],
[1414685700000,14.36],
[1414686600000,14.29],
[1414687500000,14.31],
[1414688400000,14.35],
[1414689300000,14.42],
[1414690200000,14.46],
[1414691100000,14.53],
[1414692000000,14.42],
[1414692900000,14.31],
[1414693800000,14.33],
[1414694700000,14.28],
[1414695600000,14.32],
[1414697400000,14.2],
[1414698300000,14.22],
[1414756800000,14.46],
[1414757700000,14.44],
[1414758600000,14.45],
[1414759500000,14.5],
[1414760400000,14.46],
[1414761300000,14.46],
[1414762200000,14.43],
[1414763100000,14.5],
[1414764000000,14.6],
[1414764900000,14.56],
[1414765800000,14.59],
[1414766700000,14.58],
[1414767600000,14.56],
[1414768500000,14.6],
[1414769400000,14.59],
[1414770300000,14.61],
[1414771200000,14.57],
[1414772100000,14.51],
[1414773000000,14.53],
[1414773900000,14.59],
[1414774800000,14.8],
[1414775700000,14.95],
[1414776600000,14.94],
[1414777500000,15.03],
[1414778400000,15.07],
[1414779300000,15.15],
[1414780200000,15.15],
[1414781100000,15.22],
[1414782000000,15.28],
[1414783800000,15.1],
[1414784700000,15.13],
[1415016000000,15.02],
[1415016900000,14.99],
[1415017800000,14.93],
[1415018700000,14.91],
[1415019600000,14.9],
[1415020500000,14.97],
[1415021400000,14.91],
[1415022300000,15],
[1415023200000,14.97],
[1415024100000,15.04],
[1415025000000,14.95],
[1415025900000,14.9],
[1415026800000,14.81],
[1415027700000,14.68],
[1415028600000,14.76],
[1415029500000,14.78],
[1415030400000,14.67],
[1415031300000,14.71],
[1415032200000,14.72],
[1415033100000,14.68],
[1415034000000,14.65],
[1415034900000,14.66],
[1415035800000,14.58],
[1415036700000,14.66],
[1415037600000,14.6],
[1415038500000,14.6],
[1415039400000,14.65],
[1415040300000,14.68],
[1415041200000,14.85],
[1415043000000,14.73],
[1415043900000,14.72],
[1415102400000,14.9],
[1415103300000,14.94],
[1415104200000,14.77],
[1415105100000,14.69],
[1415106000000,14.61],
[1415106900000,14.56],
[1415107800000,14.65],
[1415108700000,14.74],
[1415109600000,14.91],
[1415110500000,14.83],
[1415111400000,14.6],
[1415112300000,14.57],
[1415113200000,14.54],
[1415114100000,14.48],
[1415115000000,14.43],
[1415115900000,14.46],
[1415116800000,14.48],
[1415117700000,14.48],
[1415118600000,14.6],
[1415119500000,14.6],
[1415120400000,14.67],
[1415121300000,14.61],
[1415122200000,14.58],
[1415123100000,14.66],
[1415124000000,14.6],
[1415124900000,14.69],
[1415125800000,14.71],
[1415126700000,14.76],
[1415127600000,14.82],
[1415129400000,14.57],
[1415130300000,14.61],
[1415188800000,14.44],
[1415189700000,14.5],
[1415190600000,14.57],
[1415191500000,14.44],
[1415192400000,14.44],
[1415193300000,14.48],
[1415194200000,14.49],
[1415195100000,14.48],
[1415196000000,14.47],
[1415196900000,14.45],
[1415197800000,14.35],
[1415198700000,14.34],
[1415199600000,14.43],
[1415200500000,14.48],
[1415201400000,14.5],
[1415202300000,14.6],
[1415203200000,14.54],
[1415204100000,14.5],
[1415205000000,14.51],
[1415205900000,14.53],
[1415206800000,14.54],
[1415207700000,14.44],
[1415208600000,14.46],
[1415209500000,14.43],
[1415210400000,14.51],
[1415211300000,14.45],
[1415212200000,14.39],
[1415213100000,14.4],
[1415214000000,14.4],
[1415215800000,14.43],
[1415216700000,14.4],
[1415275200000,14.06],
[1415276100000,13.81],
[1415277000000,13.82],
[1415277900000,13.91],
[1415278800000,13.92],
[1415279700000,13.96],
[1415280600000,13.91],
[1415281500000,13.94],
[1415282400000,13.88],
[1415283300000,13.92],
[1415284200000,14],
[1415285100000,13.96],
[1415286000000,13.98],
[1415286900000,14],
[1415287800000,13.99],
[1415288700000,14.02],
[1415289600000,13.99],
[1415290500000,14],
[1415291400000,14],
[1415292300000,13.99],
[1415293200000,13.99],
[1415294100000,14.01],
[1415295000000,13.95],
[1415295900000,13.99],
[1415296800000,14.01],
[1415297700000,14.06],
[1415298600000,14.03],
[1415299500000,14.08],
[1415300400000,14.06],
[1415302200000,14.19],
[1415303100000,14.17],
[1415361600000,13.89],
[1415362500000,13.76],
[1415363400000,13.62],
[1415364300000,13.65],
[1415365200000,13.67],
[1415366100000,13.73],
[1415367000000,13.75],
[1415367900000,13.68],
[1415368800000,13.75],
[1415369700000,13.92],
[1415370600000,14.2],
[1415371500000,14.22],
[1415372400000,14.37],
[1415373300000,14.38],
[1415374200000,14.45],
[1415375100000,14.52],
[1415376000000,14.51],
[1415376900000,14.49],
[1415377800000,14.54],
[1415378700000,14.5],
[1415379600000,14.52],
[1415380500000,14.45],
[1415381400000,14.4],
[1415382300000,14.37],
[1415383200000,14.42],
[1415384100000,14.37],
[1415385000000,14.34],
[1415385900000,14.31],
[1415386800000,14.27],
[1415388600000,14.31],
[1415389500000,14.33],
[1415620800000,14.13],
[1415621700000,14.24],
[1415622600000,14.15],
[1415623500000,14.18],
[1415624400000,14.16],
[1415625300000,14.08],
[1415626200000,14],
[1415627100000,14.09],
[1415628000000,14.12],
[1415628900000,14.16],
[1415629800000,14.21],
[1415630700000,14.14],
[1415631600000,14.05],
[1415632500000,14.06],
[1415633400000,14.17],
[1415634300000,14.07],
[1415635200000,14.06],
[1415636100000,14.06],
[1415637000000,14.02],
[1415637900000,14.02],
[1415638800000,13.98],
[1415639700000,13.99],
[1415640600000,14.03],
[1415641500000,14.03],
[1415642400000,14.02],
[1415643300000,14.03],
[1415644200000,14.01],
[1415645100000,14.04],
[1415646000000,13.98],
[1415647800000,13.97],
[1415648700000,13.99],
[1415707200000,13.83],
[1415708100000,13.83],
[1415709000000,13.85],
[1415709900000,13.8],
[1415710800000,13.8],
[1415711700000,13.8],
[1415712600000,13.8],
[1415713500000,13.77],
[1415714400000,13.78],
[1415715300000,13.79],
[1415716200000,13.81],
[1415717100000,13.76],
[1415718000000,13.85],
[1415718900000,13.9],
[1415719800000,13.94],
[1415720700000,13.92],
[1415721600000,13.83],
[1415722500000,13.8],
[1415723400000,13.75],
[1415724300000,13.74],
[1415725200000,13.75],
[1415726100000,13.84],
[1415727000000,13.84],
[1415727900000,13.85],
[1415728800000,13.88],
[1415729700000,13.88],
[1415730600000,13.91],
[1415731500000,13.89],
[1415732400000,14],
[1415734200000,14.03],
[1415735100000,14.06],
[1415793600000,13.87],
[1415794500000,13.94],
[1415795400000,13.89],
[1415796300000,13.91],
[1415797200000,13.93],
[1415798100000,13.92],
[1415799000000,13.95],
[1415799900000,13.92],
[1415800800000,13.93],
[1415801700000,14.06],
[1415802600000,14.3],
[1415803500000,14.39],
[1415804400000,14.34],
[1415805300000,14.34],
[1415806200000,14.32],
[1415807100000,14.26],
[1415808000000,14.27],
[1415808900000,14.29],
[1415809800000,14.22],
[1415810700000,14.23],
[1415811600000,14.18],
[1415812500000,14.22],
[1415813400000,14.16],
[1415814300000,14.16],
[1415815200000,14.09],
[1415816100000,14.1],
[1415817000000,14.11],
[1415817900000,14.1],
[1415818800000,14.11],
[1415820600000,14.05],
[1415821500000,14.02],
[1415880000000,14.2],
[1415880900000,14.28],
[1415881800000,14.24],
[1415882700000,14.14],
[1415883600000,14.2],
[1415884500000,14.22],
[1415885400000,14.2],
[1415886300000,14.2],
[1415887200000,14.21],
[1415888100000,14.19],
[1415889000000,14.14],
[1415889900000,14.05],
[1415890800000,14.01],
[1415891700000,13.99],
[1415892600000,14],
[1415893500000,14.02],
[1415894400000,13.92],
[1415895300000,13.92],
[1415896200000,13.89],
[1415897100000,13.88],
[1415898000000,13.87],
[1415898900000,13.87],
[1415899800000,13.85],
[1415900700000,13.79],
[1415901600000,13.77],
[1415902500000,13.81],
[1415903400000,13.75],
[1415904300000,13.68],
[1415905200000,13.6],
[1415907000000,13.66],
[1415907900000,13.6],
[1415971800000,12.99],
[1415972700000,13.06],
[1415973600000,13.14],
[1415974500000,13.03],
[1415975400000,12.97],
[1415976300000,13.01],
[1415977200000,13.02],
[1415978100000,12.96],
[1415979000000,12.97],
[1415979900000,12.97],
[1415980800000,12.93],
[1415981700000,12.95],
[1415982600000,13.02],
[1415983500000,13.1],
[1415984400000,13.13],
[1415985300000,13.14],
[1415986200000,13.26],
[1415987100000,13.28],
[1415988000000,13.16],
[1415988900000,13.2],
[1415989800000,13.15],
[1415990700000,13.16],
[1415991600000,13.2],
[1415993400000,13.28],
[1415994300000,13.28],
[1416225600000,13.05],
[1416226500000,13.13],
[1416227400000,13.13],
[1416228300000,13.05],
[1416229200000,13.08],
[1416230100000,13.14],
[1416231000000,13.19],
[1416231900000,13.16],
[1416232800000,13.16],
[1416233700000,13.18],
[1416234600000,13.08],
[1416235500000,13.06],
[1416236400000,12.97],
[1416237300000,12.98],
[1416238200000,12.85],
[1416239100000,12.92],
[1416240000000,12.92],
[1416240900000,12.89],
[1416241800000,12.91],
[1416242700000,12.9],
[1416243600000,12.88],
[1416244500000,12.76],
[1416245400000,12.64],
[1416246300000,12.57],
[1416247200000,12.54],
[1416248100000,12.61],
[1416249000000,12.67],
[1416249900000,12.64],
[1416250800000,12.6],
[1416252600000,12.58],
[1416253500000,12.58],
[1416312900000,12.66],
[1416313800000,12.62],
[1416314700000,12.53],
[1416315600000,12.43],
[1416316500000,12.6],
[1416317400000,12.54],
[1416318300000,12.58],
[1416319200000,12.58],
[1416320100000,12.47],
[1416321000000,12.52],
[1416321900000,12.2],
[1416322800000,12.27],
[1416323700000,12.19],
[1416324600000,12.07],
[1416325500000,12.09],
[1416326400000,12.12],
[1416327300000,12.16],
[1416328200000,12.22],
[1416329100000,12.15],
[1416330000000,12.29],
[1416330900000,12.3],
[1416331800000,12.38],
[1416332700000,12.56],
[1416333600000,12.41],
[1416334500000,12.44],
[1416335400000,12.37],
[1416336300000,12.38],
[1416337200000,12.45],
[1416339000000,12.51],
[1416339900000,12.52],
[1416398400000,12.52],
[1416399300000,12.5],
[1416400200000,12.35],
[1416401100000,12.56],
[1416402000000,12.59],
[1416402900000,12.62],
[1416403800000,12.63],
[1416404700000,12.76],
[1416405600000,12.75],
[1416406500000,12.89],
[1416407400000,12.86],
[1416408300000,12.83],
[1416409200000,12.69],
[1416410100000,12.64],
[1416411000000,12.58],
[1416411900000,12.65],
[1416412800000,12.67],
[1416413700000,12.68],
[1416414600000,12.73],
[1416415500000,12.76],
[1416416400000,12.71],
[1416417300000,12.69],
[1416418200000,12.62],
[1416419100000,12.68],
[1416420000000,12.61],
[1416420900000,12.71],
[1416421800000,12.73],
[1416422700000,12.75],
[1416423600000,12.78],
[1416425400000,12.7],
[1416426300000,12.67],
[1416571200000,13.19],
[1416572100000,13.17],
[1416573000000,13.17],
[1416573900000,13.23],
[1416574800000,13.3],
[1416575700000,13.38],
[1416576600000,13.32],
[1416577500000,13.36],
[1416578400000,13.34],
[1416579300000,13.4],
[1416580200000,13.57],
[1416581100000,13.65],
[1416582000000,13.72],
[1416582900000,13.66],
[1416583800000,13.74],
[1416584700000,13.8],
[1416585600000,13.65],
[1416586500000,13.73],
[1416587400000,13.62],
[1416588300000,13.5],
[1416589200000,13.59],
[1416590100000,13.54],
[1416591000000,13.58],
[1416591900000,13.78],
[1416592800000,13.95],
[1416593700000,14.02],
[1416594600000,14.24],
[1416595500000,14.29],
[1416596400000,14.3],
[1416598200000,14.35],
[1416599100000,14.41],
[1416830400000,15.1],
[1416831300000,14.95],
[1416832200000,14.63],
[1416833100000,14.73],
[1416834000000,14.77],
[1416834900000,14.77],
[1416835800000,14.8],
[1416836700000,14.86],
[1416837600000,14.9],
[1416838500000,14.78],
[1416839400000,14.53],
[1416840300000,14.47],
[1416841200000,14.45],
[1416842100000,14.69],
[1416843000000,14.62],
[1416843900000,14.53],
[1416844800000,14.59],
[1416845700000,14.52],
[1416846600000,14.47],
[1416847500000,14.37],
[1416848400000,14.42],
[1416849300000,14.38],
[1416850200000,14.14],
[1416851100000,14.24],
[1416852000000,14.28],
[1416852900000,14.19],
[1416853800000,14.22],
[1416854700000,14.24],
[1416855600000,14.21],
[1416857400000,14.1],
[1416858300000,14.14],
[1416916800000,14.61],
[1416917700000,14.62],
[1416918600000,14.78],
[1416919500000,14.87],
[1416920400000,14.85],
[1416921300000,14.88],
[1416922200000,14.86],
[1416923100000,14.76],
[1416924000000,14.83],
[1416924900000,14.77],
[1416925800000,14.61],
[1416926700000,14.62],
[1416927600000,14.49],
[1416928500000,14.28],
[1416929400000,14.06],
[1416930300000,14.05],
[1416931200000,13.99],
[1416932100000,14.05],
[1416933000000,14.15],
[1416933900000,14.15],
[1416934800000,14.22],
[1416935700000,14.32],
[1416936600000,14.48],
[1416937500000,14.2],
[1416938400000,14.19],
[1416939300000,14.19],
[1416940200000,14.14],
[1416941100000,14.13],
[1416942000000,14.15],
[1416943800000,14.08],
[1416944700000,14.04],
[1417003200000,14.39],
[1417004100000,14.33],
[1417005000000,14.38],
[1417005900000,14.37],
[1417006800000,14.27],
[1417007700000,14.21],
[1417008600000,14.22],
[1417009500000,14.28],
[1417010400000,14.26],
[1417011300000,14.32],
[1417012200000,14.16],
[1417013100000,14.16],
[1417014000000,14.29],
[1417014900000,14.38],
[1417015800000,14.39],
[1417016700000,14.32],
[1417017600000,14.31],
[1417018500000,14.32],
[1417019400000,14.37],
[1417020300000,14.46],
[1417021200000,14.3],
[1417022100000,14.28],
[1417023000000,14.31],
[1417023900000,14.28],
[1417024800000,14.2],
[1417025700000,14.09],
[1417026600000,14.06],
[1417027500000,14.07],
[1417028400000,14.1],
[1417030200000,14.08],
[1417031100000,14.17],
[1417089600000,14.11],
[1417090500000,14.24],
[1417091400000,14.28],
[1417092300000,14.28],
[1417093200000,14.28],
[1417094100000,14.3],
[1417095000000,14.39],
[1417095900000,14.37],
[1417096800000,14.44],
[1417097700000,14.56],
[1417098600000,14.5],
[1417099500000,14.38],
[1417100400000,14.4],
[1417101300000,14.4],
[1417102200000,14.41],
[1417103100000,14.37],
[1417104000000,14.17],
[1417104900000,13.96],
[1417105800000,14.03],
[1417106700000,14.02],
[1417107600000,13.8],
[1417108500000,13.87],
[1417109400000,13.8],
[1417110300000,13.74],
[1417111200000,13.55],
[1417112100000,13.55],
[1417113000000,13.42],
[1417113900000,13.43],
[1417114800000,13.44],
[1417116600000,13.52],
[1417117500000,13.5],
[1417176000000,13.49],
[1417176900000,13.52],
[1417177800000,13.4],
[1417178700000,13.28],
[1417179600000,13.34],
[1417180500000,13.37],
[1417181400000,13.38],
[1417182300000,13.34],
[1417183200000,13.39],
[1417184100000,13.48],
[1417185000000,13.26],
[1417185900000,13.26],
[1417186800000,13.1],
[1417187700000,13.15],
[1417188600000,13.14],
[1417189500000,13.17],
[1417190400000,13.11],
[1417191300000,13.12],
[1417192200000,13.12],
[1417193100000,13.05],
[1417194000000,13],
[1417194900000,12.97],
[1417195800000,13.11],
[1417196700000,13.17],
[1417197600000,13.16],
[1417198500000,13.08],
[1417199400000,12.96],
[1417200300000,12.89],
[1417201200000,12.8],
[1417203000000,12.86],
[1417203900000,12.84],
[1417435200000,12.6],
[1417436100000,12.5],
[1417437000000,12.6],
[1417437900000,12.62],
[1417438800000,12.61],
[1417439700000,12.46],
[1417440600000,12.46],
[1417441500000,12.46],
[1417442400000,12.45],
[1417443300000,12.45],
[1417444200000,12.54],
[1417445100000,12.43],
[1417446000000,12.39],
[1417446900000,12.32],
[1417447800000,12.27],
[1417448700000,12.28],
[1417449600000,12.32],
[1417450500000,12.35],
[1417451400000,12.32],
[1417452300000,12.45],
[1417453200000,12.45],
[1417454100000,12.34],
[1417455000000,12.3],
[1417455900000,12.3],
[1417456800000,12.29],
[1417457700000,12.3],
[1417458600000,12.29],
[1417459500000,12.28],
[1417460400000,12.32],
[1417462200000,12.29],
[1417463100000,12.32],
[1417521600000,12.43],
[1417522500000,12.29],
[1417523400000,12.16],
[1417524300000,12.17],
[1417525200000,12.2],
[1417526100000,12.18],
[1417527000000,12.18],
[1417527900000,12.2],
[1417528800000,12.25],
[1417529700000,12.33],
[1417530600000,12.2],
[1417531500000,12.24],
[1417532400000,12.32],
[1417533300000,12.28],
[1417534200000,12.29],
[1417535100000,12.45],
[1417536000000,12.44],
[1417536900000,12.42],
[1417537800000,12.41],
[1417538700000,12.41],
[1417539600000,12.44],
[1417540500000,12.39],
[1417541400000,12.35],
[1417542300000,12.37],
[1417543200000,12.29],
[1417544100000,12.22],
[1417545000000,12.1],
[1417545900000,12.15],
[1417546800000,12.13],
[1417548600000,12.18],
[1417549500000,12.17],
[1417608000000,12.24],
[1417608900000,12.32],
[1417609800000,12.38],
[1417610700000,12.35],
[1417611600000,12.31],
[1417612500000,12.37],
[1417613400000,12.41],
[1417614300000,12.39],
[1417615200000,12.37],
[1417616100000,12.34],
[1417617000000,12.48],
[1417617900000,12.64],
[1417618800000,12.59],
[1417619700000,12.69],
[1417620600000,12.62],
[1417621500000,12.7],
[1417622400000,12.69],
[1417623300000,12.63],
[1417624200000,12.62],
[1417625100000,12.67],
[1417626000000,12.68],
[1417626900000,12.8],
[1417627800000,12.75],
[1417628700000,12.69],
[1417629600000,12.68],
[1417630500000,12.68],
[1417631400000,12.71],
[1417632300000,12.71],
[1417633200000,12.73],
[1417635000000,12.68],
[1417635900000,12.71],
[1417694400000,12.56],
[1417695300000,12.44],
[1417696200000,12.38],
[1417697100000,12.37],
[1417698000000,12.43],
[1417698900000,12.46],
[1417699800000,12.31],
[1417700700000,12.28],
[1417701600000,12.27],
[1417702500000,12.35],
[1417703400000,12.27],
[1417704300000,12.29],
[1417705200000,12.3],
[1417706100000,12.23],
[1417707000000,12.22],
[1417707900000,12.22],
[1417708800000,12.3],
[1417709700000,12.29],
[1417710600000,12.27],
[1417711500000,12.24],
[1417712400000,12.28],
[1417713300000,12.25],
[1417714200000,12.28],
[1417715100000,12.29],
[1417716000000,12.23],
[1417716900000,12.23],
[1417717800000,12.22],
[1417718700000,12.23],
[1417719600000,12.23],
[1417721400000,12.25],
[1417722300000,12.27],
[1417780800000,12.25],
[1417781700000,12.24],
[1417782600000,12.24],
[1417783500000,12.2],
[1417784400000,12.16],
[1417785300000,12.25],
[1417786200000,12.18],
[1417787100000,12.15],
[1417788000000,12.16],
[1417788900000,12.2],
[1417789800000,12.09],
[1417790700000,12.11],
[1417791600000,12.08],
[1417792500000,12.12],
[1417793400000,12.15],
[1417794300000,12.15],
[1417795200000,12.12],
[1417796100000,12.12],
[1417797000000,12.16],
[1417797900000,12.22],
[1417798800000,12.26],
[1417799700000,12.24],
[1417800600000,12.25],
[1417801500000,12.22],
[1417802400000,12.25],
[1417803300000,12.23],
[1417804200000,12.27],
[1417805100000,12.26],
[1417806000000,12.26],
[1417807800000,12.21],
[1417808700000,12.18],
[1418040000000,12.11],
[1418040900000,12.11],
[1418041800000,12.01],
[1418042700000,12.02],
[1418043600000,12],
[1418044500000,12.01],
[1418045400000,12],
[1418046300000,11.99],
[1418047200000,12.03],
[1418048100000,12],
[1418049000000,11.93],
[1418049900000,11.92],
[1418050800000,11.9],
[1418051700000,11.95],
[1418052600000,11.92],
[1418053500000,11.89],
[1418054400000,11.89],
[1418055300000,11.85],
[1418056200000,11.8],
[1418057100000,11.79],
[1418058000000,11.81],
[1418058900000,11.76],
[1418059800000,11.7],
[1418060700000,11.73],
[1418061600000,11.68],
[1418062500000,11.63],
[1418063400000,11.44],
[1418064300000,11.46],
[1418065200000,11.5],
[1418067000000,11.51],
[1418067900000,11.51],
[1418126400000,11],
[1418127300000,11.09],
[1418128200000,11.08],
[1418129100000,11.02],
[1418130000000,11.02],
[1418130900000,10.99],
[1418131800000,10.98],
[1418132700000,10.89],
[1418133600000,10.9],
[1418134500000,10.85],
[1418135400000,11.05],
[1418136300000,11.1],
[1418137200000,11.11],
[1418138100000,11.04],
[1418139000000,10.97],
[1418139900000,11.02],
[1418140800000,11.09],
[1418141700000,11.04],
[1418142600000,11.05],
[1418143500000,11.03],
[1418144400000,11.02],
[1418145300000,10.97],
[1418146200000,10.97],
[1418147100000,11],
[1418148000000,11.08],
[1418148900000,11.11],
[1418149800000,11.25],
[1418150700000,11.35],
[1418151600000,11.36],
[1418153400000,11.38],
[1418154300000,11.42],
[1418212800000,11.17],
[1418213700000,11.22],
[1418214600000,11.12],
[1418215500000,11.12],
[1418216400000,11.15],
[1418217300000,11.19],
[1418218200000,11.09],
[1418219100000,11.08],
[1418220000000,11.02],
[1418220900000,11],
[1418221800000,10.98],
[1418222700000,10.98],
[1418223600000,10.96],
[1418224500000,10.93],
[1418225400000,10.87],
[1418226300000,10.92],
[1418227200000,10.93],
[1418228100000,10.91],
[1418229000000,10.91],
[1418229900000,10.84],
[1418230800000,10.83],
[1418231700000,10.86],
[1418232600000,10.9],
[1418233500000,10.9],
[1418234400000,11.01],
[1418235300000,10.99],
[1418236200000,10.9],
[1418237100000,10.86],
[1418238000000,10.83],
[1418239800000,10.88],
[1418240700000,10.88],
[1418299200000,10.9],
[1418300100000,10.98],
[1418301000000,10.86],
[1418301900000,10.63],
[1418302800000,10.56],
[1418303700000,10.57],
[1418304600000,10.51],
[1418305500000,10.43],
[1418306400000,10.37],
[1418307300000,10.43],
[1418308200000,10.42],
[1418309100000,10.45],
[1418310000000,10.43],
[1418310900000,10.53],
[1418311800000,10.59],
[1418312700000,10.59],
[1418313600000,10.58],
[1418314500000,10.56],
[1418315400000,10.59],
[1418316300000,10.56],
[1418317200000,10.62],
[1418318100000,10.61],
[1418319000000,10.73],
[1418319900000,10.77],
[1418320800000,10.75],
[1418321700000,10.84],
[1418322600000,10.83],
[1418323500000,10.83],
[1418324400000,10.82],
[1418326200000,10.68],
[1418327100000,10.63],
[1418385600000,10.54],
[1418386500000,10.48],
[1418387400000,10.52],
[1418388300000,10.59],
[1418389200000,10.56],
[1418390100000,10.53],
[1418391000000,10.5],
[1418391900000,10.49],
[1418392800000,10.53],
[1418393700000,10.52],
[1418394600000,10.48],
[1418395500000,10.43],
[1418396400000,10.42],
[1418397300000,10.45],
[1418398200000,10.39],
[1418399100000,10.35],
[1418400000000,10.32],
[1418400900000,10.35],
[1418401800000,10.34],
[1418402700000,10.3],
[1418403600000,10.32],
[1418404500000,10.42],
[1418405400000,10.41],
[1418406300000,10.31],
[1418407200000,10.27],
[1418408100000,10.24],
[1418409000000,10.23],
[1418409900000,10.19],
[1418410800000,10.11],
[1418412600000,10.18],
[1418413500000,10.19],
[1418644800000,9.99],
[1418645700000,10.07],
[1418646600000,10.06],
[1418647500000,9.99],
[1418648400000,9.99],
[1418649300000,9.99],
[1418650200000,9.99],
[1418651100000,10],
[1418652000000,9.98],
[1418652900000,9.98],
[1418653800000,9.78],
[1418654700000,9.68],
[1418655600000,9.57],
[1418656500000,9.45],
[1418657400000,9.45],
[1418658300000,9.36],
[1418659200000,9.26],
[1418660100000,9.29],
[1418661000000,9.23],
[1418661900000,9.19],
[1418663700000,9.37],
[1418664600000,9.4],
[1418665500000,9.43],
[1418666400000,9.34],
[1418667300000,9.25],
[1418668200000,9.31],
[1418669100000,9.19],
[1418670000000,9.18],
[1418671800000,9.06],
[1418672700000,9.06],
[1418731200000,8.76],
[1418732100000,8.87],
[1418733000000,8.79],
[1418733900000,9.21],
[1418734800000,9.45],
[1418735700000,9.54],
[1418736600000,9.5],
[1418737500000,9.4],
[1418738400000,9.17],
[1418739300000,9.28],
[1418740200000,8.99],
[1418741100000,9.17],
[1418742000000,9.28],
[1418742900000,9.26],
[1418743800000,9.13],
[1418744700000,9.29],
[1418745600000,9.5],
[1418746500000,9.68],
[1418747400000,9.61],
[1418748300000,9.52],
[1418749200000,9.55],
[1418750100000,9.51],
[1418751000000,9.66],
[1418751900000,9.47],
[1418752800000,9.46],
[1418753700000,9.44],
[1418754600000,9.44],
[1418755500000,9.44],
[1418756400000,9.38],
[1418758200000,9.39],
[1418759100000,9.37],
[1418817600000,9.68],
[1418818500000,9.59],
[1418819400000,9.49],
[1418820300000,9.52],
[1418821200000,9.5],
[1418822100000,9.52],
[1418823000000,9.51],
[1418823900000,9.53],
[1418824800000,9.61],
[1418825700000,9.6],
[1418826600000,9.46],
[1418827500000,9.51],
[1418828400000,9.52],
[1418829300000,9.56],
[1418830200000,9.6],
[1418831100000,9.66],
[1418832000000,9.71],
[1418832900000,9.69],
[1418833800000,9.68],
[1418834700000,9.74],
[1418835600000,9.79],
[1418836500000,9.79],
[1418837400000,9.75],
[1418838300000,9.77],
[1418839200000,9.67],
[1418840100000,9.68],
[1418841000000,9.5],
[1418841900000,9.6],
[1418842800000,9.66],
[1418844600000,9.5],
[1418845500000,9.47],
[1418904000000,10.04],
[1418904900000,10.17],
[1418905800000,10.27],
[1418906700000,10.21],
[1418907600000,10.17],
[1418908500000,10.24],
[1418909400000,10.23],
[1418910300000,10.24],
[1418911200000,10.22],
[1418912100000,10.18],
[1418913000000,10.02],
[1418913900000,9.98],
[1418914800000,9.89],
[1418915700000,9.88],
[1418916600000,9.79],
[1418917500000,9.74],
[1418918400000,9.74],
[1418919300000,9.76],
[1418920200000,9.71],
[1418921100000,9.69],
[1418922000000,9.68],
[1418922900000,9.72],
[1418923800000,9.74],
[1418924700000,9.81],
[1418925600000,9.74],
[1418926500000,9.72],
[1418927400000,9.6],
[1418928300000,9.4],
[1418929200000,9.46],
[1418931000000,9.54],
[1418931900000,9.57],
[1418990400000,9.8],
[1418991300000,9.85],
[1418992200000,9.8],
[1418993100000,9.7],
[1418994000000,9.79],
[1418994900000,9.8],
[1418995800000,9.76],
[1418996700000,9.77],
[1418997600000,9.81],
[1418998500000,9.78],
[1418999400000,9.68],
[1419000300000,9.69],
[1419001200000,9.66],
[1419002100000,9.62],
[1419003000000,9.69],
[1419003900000,9.7],
[1419004800000,9.69],
[1419005700000,9.69],
[1419006600000,9.7],
[1419007500000,9.69],
[1419008400000,9.68],
[1419009300000,9.63],
[1419010200000,9.64],
[1419011100000,9.63],
[1419012000000,9.7],
[1419012900000,9.74],
[1419013800000,9.75],
[1419014700000,9.75],
[1419015600000,9.83],
[1419017400000,9.79],
[1419018300000,9.83],
[1419249600000,9.84],
[1419250500000,10.1],
[1419251400000,10.12],
[1419252300000,10.14],
[1419253200000,10.11],
[1419254100000,9.95],
[1419255000000,9.91],
[1419255900000,10.03],
[1419256800000,10],
[1419257700000,10],
[1419258600000,9.94],
[1419259500000,9.83],
[1419260400000,9.8],
[1419261300000,9.86],
[1419262200000,9.93],
[1419263100000,10.02],
[1419264000000,10],
[1419264900000,9.97],
[1419265800000,9.94],
[1419266700000,9.97],
[1419267600000,9.97],
[1419268500000,9.99],
[1419269400000,9.98],
[1419270300000,10.01],
[1419271200000,10.12],
[1419272100000,10.2],
[1419273000000,10.21],
[1419273900000,10.22],
[1419274800000,10.32],
[1419276600000,10.32],
[1419277500000,10.37],
[1419336000000,10.32],
[1419336900000,10.48],
[1419337800000,10.54],
[1419338700000,10.53],
[1419339600000,10.49],
[1419340500000,10.49],
[1419341400000,10.53],
[1419342300000,10.54],
[1419343200000,10.66],
[1419344100000,10.68],
[1419345000000,10.74],
[1419345900000,10.67],
[1419346800000,10.58],
[1419347700000,10.69],
[1419348600000,10.75],
[1419349500000,10.72],
[1419350400000,10.66],
[1419351300000,10.73],
[1419352200000,10.7],
[1419353100000,10.7],
[1419354000000,10.74],
[1419354900000,10.83],
[1419355800000,10.89],
[1419356700000,10.9],
[1419357600000,10.87],
[1419358500000,10.92],
[1419359400000,10.88],
[1419360300000,10.87],
[1419361200000,10.97],
[1419363000000,10.95],
[1419363900000,10.91],
[1419595200000,10.75],
[1419596100000,10.66],
[1419597000000,10.65],
[1419597900000,10.73],
[1419598800000,10.7],
[1419599700000,10.66],
[1419600600000,10.6],
[1419601500000,10.61],
[1419602400000,10.63],
[1419603300000,10.54],
[1419604200000,10.52],
[1419605100000,10.55],
[1419606000000,10.61],
[1419606900000,10.6],
[1419607800000,10.62],
[1419608700000,10.59],
[1419609600000,10.6],
[1419610500000,10.62],
[1419611400000,10.58],
[1419612300000,10.56],
[1419613200000,10.5],
[1419614100000,10.5],
[1419615000000,10.51],
[1419615900000,10.49],
[1419616800000,10.38],
[1419617700000,10.27],
[1419618600000,10.24],
[1419619500000,10.26],
[1419620400000,10.3],
[1419622200000,10.29],
[1419623100000,10.32],
[1419854400000,10.17],
[1419855300000,10.25],
[1419856200000,10.32],
[1419857100000,10.26],
[1419858000000,10.26],
[1419858900000,10.3],
[1419859800000,10.23],
[1419860700000,10.25],
[1419861600000,10.2],
[1419862500000,10.2],
[1419863400000,10.39],
[1419864300000,10.41],
[1419865200000,10.33],
[1419866100000,10.39],
[1419867000000,10.39],
[1419867900000,10.44],
[1419868800000,10.47],
[1419869700000,10.46],
[1419870600000,10.48],
[1419871500000,10.48],
[1419872400000,10.41],
[1419873300000,10.4],
[1419874200000,10.4],
[1419875100000,10.4],
[1419876000000,10.41],
[1419876900000,10.38],
[1419877800000,10.36],
[1419878700000,10.35],
[1419879600000,10.28],
[1419881400000,10.32],
[1419882300000,10.28],
[1419940800000,10.25],
[1419941700000,10.27],
[1419942600000,10.26],
[1419943500000,10.26],
[1419944400000,10.25],
[1419945300000,10.32],
[1419946200000,10.3],
[1419947100000,10.31],
[1419948000000,10.26],
[1419948900000,10.2],
[1419949800000,10.2],
[1419950700000,10.15],
[1419951600000,10.11],
[1419952500000,10.13],
[1419953400000,10.13],
[1419954300000,10.13],
[1419955200000,10.11],
[1419956100000,10.12],
[1419957000000,10.11],
[1419957900000,10.07],
[1419958800000,10.13],
[1419959700000,10.16],
[1419960600000,10.17],
[1419961500000,10.22],
[1419962400000,10.15],
[1419963300000,10.12],
[1419964200000,10.06],
[1419965100000,10.07],
[1419966000000,10.02],
[1419967800000,10.03],
[1419968700000,10.03],
[1420200000000,9.91],
[1420200900000,9.92],
[1420201800000,9.88],
[1420202700000,9.83],
[1420203600000,9.81],
[1420204500000,9.8],
[1420205400000,9.76],
[1420206300000,9.71],
[1420207200000,9.77],
[1420208100000,9.76],
[1420209000000,9.68],
[1420209900000,9.59],
[1420210800000,9.54],
[1420211700000,9.56],
[1420212600000,9.57],
[1420213500000,9.66],
[1420214400000,9.58],
[1420215300000,9.56],
[1420216200000,9.53],
[1420217100000,9.51],
[1420218000000,9.5],
[1420218900000,9.46],
[1420219800000,9.48],
[1420220700000,9.51],
[1420221600000,9.48],
[1420222500000,9.48],
[1420223400000,9.43],
[1420224300000,9.43],
[1420225200000,9.36],
[1420227000000,9.4],
[1420227900000,9.36],
[1420459200000,9.02],
[1420460100000,8.98],
[1420461000000,8.95],
[1420461900000,8.94],
[1420462800000,8.92],
[1420463700000,8.93],
[1420464600000,8.89],
[1420465500000,8.88],
[1420466400000,8.9],
[1420467300000,8.87],
[1420468200000,8.78],
[1420469100000,8.74],
[1420470000000,8.68],
[1420470900000,8.7],
[1420471800000,8.7],
[1420472700000,8.72],
[1420473600000,8.71],
[1420474500000,8.72],
[1420475400000,8.74],
[1420476300000,8.76],
[1420477200000,8.79],
[1420478100000,8.78],
[1420479000000,8.72],
[1420479900000,8.65],
[1420480800000,8.66],
[1420481700000,8.59],
[1420482600000,8.62],
[1420483500000,8.63],
[1420484400000,8.61],
[1420486200000,8.58],
[1420487100000,8.56],
[1420545600000,8.65],
[1420546500000,8.47],
[1420547400000,8.58],
[1420548300000,8.64],
[1420549200000,8.57],
[1420550100000,8.6],
[1420551000000,8.53],
[1420551900000,8.55],
[1420552800000,8.54],
[1420553700000,8.54],
[1420554600000,8.62],
[1420555500000,8.56],
[1420556400000,8.54],
[1420557300000,8.5],
[1420558200000,8.48],
[1420559100000,8.5],
[1420560000000,8.45],
[1420560900000,8.47],
[1420561800000,8.46],
[1420562700000,8.43],
[1420563600000,8.41],
[1420564500000,8.43],
[1420565400000,8.43],
[1420566300000,8.43],
[1420567200000,8.14],
[1420568100000,8.2],
[1420569000000,8.2],
[1420569900000,8.28],
[1420570800000,8.33],
[1420572600000,8.31],
[1420573500000,8.28],
[1420632000000,8.54],
[1420632900000,8.53],
[1420633800000,8.5],
[1420634700000,8.44],
[1420635600000,8.43],
[1420636500000,8.41],
[1420637400000,8.48],
[1420638300000,8.42],
[1420639200000,8.49],
[1420640100000,8.52],
[1420641000000,8.58],
[1420641900000,8.48],
[1420642800000,8.49],
[1420643700000,8.55],
[1420644600000,8.54],
[1420645500000,8.56],
[1420646400000,8.59],
[1420647300000,8.58],
[1420648200000,8.58],
[1420649100000,8.62],
[1420650000000,8.67],
[1420650900000,8.72],
[1420651800000,8.62],
[1420652700000,8.67],
[1420653600000,8.65],
[1420654500000,8.66],
[1420655400000,8.7],
[1420656300000,8.69],
[1420657200000,8.67],
[1420659000000,8.71],
[1420659900000,8.67],
[1420718400000,8.91],
[1420719300000,8.8],
[1420720200000,8.83],
[1420721100000,8.87],
[1420722000000,8.88],
[1420722900000,8.9],
[1420723800000,9.02],
[1420724700000,9.08],
[1420725600000,9.04],
[1420726500000,8.98],
[1420727400000,9.02],
[1420728300000,8.95],
[1420729200000,9.17],
[1420730100000,9.18],
[1420731000000,9.27],
[1420731900000,9.3],
[1420732800000,9.3],
[1420733700000,9.28],
[1420734600000,9.33],
[1420735500000,9.34],
[1420736400000,9.33],
[1420737300000,9.33],
[1420738200000,9.23],
[1420739100000,9.25],
[1420740000000,9.21],
[1420740900000,9.2],
[1420741800000,9.23],
[1420742700000,9.21],
[1420743600000,9.18],
[1420745400000,9.2],
[1420746300000,9.23],
[1420804800000,9.13],
[1420805700000,8.96],
[1420806600000,9.06],
[1420807500000,9.06],
[1420808400000,9.07],
[1420809300000,9.04],
[1420810200000,9.05],
[1420811100000,9.08],
[1420812000000,9.08],
[1420812900000,9.05],
[1420813800000,9.04],
[1420814700000,8.97],
[1420815600000,8.98],
[1420816500000,9.01],
[1420817400000,9.08],
[1420818300000,9.1],
[1420819200000,9.04],
[1420820100000,9.02],
[1420821000000,9.05],
[1420821900000,9.06],
[1420822800000,9.04],
[1420823700000,9.16],
[1420824600000,9.14],
[1420825500000,9.18],
[1420826400000,9.28],
[1420827300000,9.23],
[1420828200000,9.34],
[1420829100000,9.39],
[1420830000000,9.4],
[1420831800000,9.43],
[1420832700000,9.51],
[1421064000000,9.25],
[1421064900000,9.42],
[1421065800000,9.38],
[1421066700000,9.43],
[1421067600000,9.49],
[1421068500000,9.51],
[1421069400000,9.31],
[1421070300000,9.31],
[1421071200000,9.28],
[1421072100000,9.24],
[1421073000000,9.12],
[1421073900000,9.03],
[1421074800000,8.91],
[1421075700000,8.97],
[1421076600000,8.93],
[1421077500000,9.02],
[1421078400000,8.96],
[1421079300000,9.02],
[1421080200000,9],
[1421081100000,9.02],
[1421082000000,8.92],
[1421082900000,8.89],
[1421083800000,8.86],
[1421084700000,8.9],
[1421085600000,8.9],
[1421086500000,8.83],
[1421087400000,8.85],
[1421088300000,8.88],
[1421089200000,8.91],
[1421091000000,8.87],
[1421091900000,8.84],
[1421150400000,9.01],
[1421151300000,9.27],
[1421152200000,9.26],
[1421153100000,9.31],
[1421154000000,9.26],
[1421154900000,9.19],
[1421155800000,9.13],
[1421156700000,9.15],
[1421157600000,9.05],
[1421158500000,9.08],
[1421159400000,9.05],
[1421160300000,9.21],
[1421161200000,9.25],
[1421162100000,9.3],
[1421163000000,9.31],
[1421163900000,9.33],
[1421164800000,9.25],
[1421165700000,9.32],
[1421166600000,9.27],
[1421167500000,9.28],
[1421168400000,9.29],
[1421169300000,9.23],
[1421170200000,9.18],
[1421171100000,9.11],
[1421172000000,9.13],
[1421172900000,9.11],
[1421173800000,9.04],
[1421174700000,9.05],
[1421175600000,9],
[1421177400000,9.13],
[1421178300000,9.09],
[1421236800000,8.8],
[1421237700000,8.7],
[1421238600000,8.82],
[1421239500000,8.84],
[1421240400000,8.83],
[1421241300000,8.81],
[1421242200000,8.83],
[1421243100000,8.8],
[1421244000000,8.78],
[1421244900000,8.8],
[1421245800000,8.88],
[1421246700000,8.79],
[1421247600000,8.84],
[1421248500000,8.84],
[1421249400000,8.84],
[1421250300000,8.85],
[1421251200000,8.8],
[1421252100000,8.81],
[1421253000000,8.8],
[1421253900000,8.74],
[1421254800000,8.66],
[1421255700000,8.67],
[1421256600000,8.73],
[1421257500000,8.73],
[1421258400000,8.67],
[1421259300000,8.7],
[1421260200000,8.69],
[1421261100000,8.72],
[1421262000000,8.74],
[1421263800000,8.91],
[1421264700000,8.91],
[1421323200000,8.95],
[1421324100000,9.08],
[1421325000000,9.18],
[1421325900000,9.18],
[1421326800000,9.13],
[1421327700000,9.18],
[1421328600000,9.31],
[1421329500000,9.28],
[1421330400000,9.22],
[1421331300000,9.24],
[1421332200000,9.21],
[1421333100000,9.24],
[1421334000000,9.29],
[1421334900000,9.24],
[1421335800000,9.2],
[1421336700000,9.21],
[1421337600000,9.17],
[1421338500000,9.17],
[1421339400000,9.24],
[1421340300000,9.23],
[1421341200000,9.28],
[1421342100000,9.3],
[1421343000000,9.19],
[1421343900000,9.24],
[1421344800000,9.28],
[1421345700000,9.28],
[1421346600000,9.33],
[1421347500000,9.38],
[1421348400000,9.34],
[1421350200000,9.3],
[1421351100000,9.31],
[1421409600000,9.4],
[1421410500000,9.33],
[1421411400000,9.32],
[1421412300000,9.31],
[1421413200000,9.33],
[1421414100000,9.37],
[1421415000000,9.5],
[1421415900000,9.53],
[1421416800000,9.51],
[1421417700000,9.45],
[1421418600000,9.51],
[1421419500000,9.47],
[1421420400000,9.49],
[1421421300000,9.56],
[1421422200000,9.56],
[1421423100000,9.6],
[1421424000000,9.58],
[1421424900000,9.56],
[1421425800000,9.56],
[1421426700000,9.54],
[1421427600000,9.54],
[1421428500000,9.57],
[1421429400000,9.59],
[1421430300000,9.59],
[1421431200000,9.58],
[1421432100000,9.49],
[1421433000000,9.48],
[1421433900000,9.48],
[1421434800000,9.44],
[1421436600000,9.43],
[1421437500000,9.44],
[1421668800000,9.37],
[1421669700000,9.35],
[1421670600000,9.37],
[1421671500000,9.34],
[1421672400000,9.4],
[1421673300000,9.37],
[1421674200000,9.37],
[1421675100000,9.39],
[1421676000000,9.46],
[1421676900000,9.46],
[1421677800000,9.52],
[1421678700000,9.45],
[1421679600000,9.47],
[1421680500000,9.48],
[1421681400000,9.41],
[1421682300000,9.43],
[1421683200000,9.43],
[1421684100000,9.4],
[1421685000000,9.4],
[1421685900000,9.43],
[1421686800000,9.49],
[1421687700000,9.45],
[1421688600000,9.4],
[1421689500000,9.4],
[1421690400000,9.29],
[1421691300000,9.21],
[1421692200000,9.2],
[1421693100000,9.18],
[1421694000000,9.19],
[1421695800000,9.18],
[1421696700000,9.17],
[1421755200000,9.59],
[1421756100000,9.66],
[1421757000000,9.63],
[1421757900000,9.74],
[1421758800000,9.75],
[1421759700000,9.75],
[1421760600000,9.78],
[1421761500000,9.77],
[1421762400000,9.75],
[1421763300000,9.74],
[1421764200000,9.74],
[1421765100000,9.78],
[1421766000000,9.73],
[1421766900000,9.7],
[1421767800000,9.63],
[1421768700000,9.6],
[1421769600000,9.52],
[1421770500000,9.51],
[1421771400000,9.4],
[1421772300000,9.44],
[1421773200000,9.39],
[1421774100000,9.38],
[1421775000000,9.25],
[1421775900000,9.26],
[1421776800000,9.22],
[1421777700000,9.24],
[1421778600000,9.22],
[1421779500000,9.29],
[1421780400000,9.32],
[1421782200000,9.27],
[1421783100000,9.31],
[1421841600000,9.46],
[1421842500000,9.41],
[1421843400000,9.42],
[1421844300000,9.48],
[1421845200000,9.5],
[1421846100000,9.44],
[1421847000000,9.33],
[1421847900000,9.35],
[1421848800000,9.36],
[1421849700000,9.43],
[1421850600000,9.53],
[1421851500000,9.57],
[1421852400000,9.69],
[1421853300000,9.69],
[1421854200000,9.75],
[1421855100000,9.74],
[1421856000000,9.73],
[1421856900000,9.68],
[1421857800000,9.75],
[1421858700000,9.73],
[1421859600000,9.74],
[1421860500000,9.75],
[1421861400000,9.77],
[1421862300000,9.78],
[1421863200000,9.81],
[1421864100000,9.79],
[1421865000000,9.8],
[1421865900000,9.82],
[1421866800000,9.82],
[1421868600000,9.87],
[1421869500000,9.9],
[1421928000000,10.08],
[1421928900000,10.24],
[1421929800000,10.32],
[1421930700000,10.24],
[1421931600000,10.21],
[1421932500000,10.23],
[1421933400000,10.4],
[1421934300000,10.27],
[1421935200000,10.35],
[1421936100000,10.33],
[1421937000000,10.25],
[1421937900000,10.22],
[1421938800000,10.24],
[1421939700000,10.27],
[1421940600000,10.29],
[1421941500000,10.18],
[1421942400000,10.06],
[1421943300000,10.14],
[1421944200000,10.09],
[1421945100000,10.07],
[1421946000000,10.13],
[1421946900000,10.17],
[1421947800000,10.26],
[1421948700000,10.26],
[1421949600000,10.23],
[1421950500000,10.26],
[1421951400000,10.23],
[1421952300000,10.24],
[1421953200000,10.25],
[1421955000000,10.21],
[1421955900000,10.23],
[1422014400000,10.27],
[1422015300000,10.28],
[1422016200000,10.33],
[1422017100000,10.31],
[1422018000000,10.24],
[1422018900000,10.25],
[1422019800000,10.24],
[1422020700000,10.27],
[1422021600000,10.23],
[1422022500000,10.24],
[1422023400000,10.17],
[1422024300000,10.08],
[1422025200000,10.08],
[1422026100000,10.14],
[1422027000000,10.16],
[1422027900000,10.2],
[1422028800000,10.15],
[1422029700000,10.12],
[1422030600000,10.16],
[1422031500000,10.19],
[1422032400000,10.17],
[1422033300000,10.15],
[1422034200000,10.16],
[1422035100000,10.12],
[1422036000000,10.01],
[1422036900000,9.92],
[1422037800000,9.95],
[1422038700000,9.98],
[1422039600000,10],
[1422041400000,9.98],
[1422042300000,9.98],
[1422273600000,9.82],
[1422274500000,9.8],
[1422275400000,9.77],
[1422276300000,9.87],
[1422277200000,9.84],
[1422278100000,9.83],
[1422279000000,9.84],
[1422279900000,9.89],
[1422280800000,9.92],
[1422281700000,9.89],
[1422282600000,9.87],
[1422283500000,9.86],
[1422284400000,9.88],
[1422285300000,9.9],
[1422286200000,9.92],
[1422287100000,9.86],
[1422288000000,9.83],
[1422288900000,9.8],
[1422289800000,9.77],
[1422290700000,9.81],
[1422291600000,9.88],
[1422292500000,9.92],
[1422293400000,9.9],
[1422294300000,9.85],
[1422295200000,9.81],
[1422296100000,9.84],
[1422297000000,9.84],
[1422297900000,9.87],
[1422298800000,9.91],
[1422300600000,9.85],
[1422301500000,9.83],
[1422360000000,9.78],
[1422360900000,9.7],
[1422361800000,9.62],
[1422362700000,9.67],
[1422363600000,9.68],
[1422364500000,9.66],
[1422365400000,9.63],
[1422366300000,9.58],
[1422367200000,9.57],
[1422368100000,9.55],
[1422369000000,9.66],
[1422369900000,9.61],
[1422370800000,9.61],
[1422371700000,9.62],
[1422372600000,9.61],
[1422373500000,9.64],
[1422374400000,9.64],
[1422375300000,9.79],
[1422376200000,9.87],
[1422377100000,10.11],
[1422378000000,10.11],
[1422378900000,10.35],
[1422379800000,10.2],
[1422380700000,10.25],
[1422381600000,10.23],
[1422382500000,10.12],
[1422383400000,10.06],
[1422384300000,10.13],
[1422385200000,10.17],
[1422387000000,10.13],
[1422387900000,10.14],
[1422446400000,9.31],
[1422447300000,9.34],
[1422448200000,9.33],
[1422449100000,9.37],
[1422450000000,9.33],
[1422450900000,9.3],
[1422451800000,9.25],
[1422452700000,9.2],
[1422453600000,9.18],
[1422454500000,9.14],
[1422455400000,9.08],
[1422456300000,9.01],
[1422457200000,8.99],
[1422458100000,9.09],
[1422459000000,9.17],
[1422459900000,9.15],
[1422460800000,9.15],
[1422461700000,9.16],
[1422462600000,9.15],
[1422463500000,9.13],
[1422464400000,9.19],
[1422465300000,9.24],
[1422466200000,9.2],
[1422467100000,9.17],
[1422468000000,9.13],
[1422468900000,9.1],
[1422469800000,9.08],
[1422470700000,9.11],
[1422471600000,9.03],
[1422473400000,9.06],
[1422474300000,9.11],
[1422532800000,8.82],
[1422533700000,8.57],
[1422534600000,8.67],
[1422535500000,8.59],
[1422536400000,8.57],
[1422537300000,8.62],
[1422538200000,8.66],
[1422539100000,8.63],
[1422540000000,8.74],
[1422540900000,8.7],
[1422541800000,8.77],
[1422542700000,8.77],
[1422543600000,8.71],
[1422544500000,8.75],
[1422545400000,8.76],
[1422546300000,8.72],
[1422547200000,8.8],
[1422548100000,8.63],
[1422549000000,8.59],
[1422549900000,8.58],
[1422550800000,8.5],
[1422551700000,8.58],
[1422552600000,8.63],
[1422553500000,8.69],
[1422554400000,8.71],
[1422555300000,8.79],
[1422556200000,8.72],
[1422557100000,8.72],
[1422558000000,8.75],
[1422559800000,8.69],
[1422560700000,8.67],
[1422619200000,8.29],
[1422620100000,8.27],
[1422621000000,8.24],
[1422621900000,8.15],
[1422622800000,8.2],
[1422623700000,8.2],
[1422624600000,8.16],
[1422625500000,8.18],
[1422626400000,8.18],
[1422627300000,8.2],
[1422628200000,8.28],
[1422629100000,8.19],
[1422630000000,8.17],
[1422630900000,8.19],
[1422631800000,8.29],
[1422632700000,8.28],
[1422633600000,8.2],
[1422634500000,8.24],
[1422635400000,8.25],
[1422636300000,8.15],
[1422637200000,8.2],
[1422638100000,8.2],
[1422639000000,8.14],
[1422639900000,8.15],
[1422640800000,8.21],
[1422641700000,8.19],
[1422642600000,8.16],
[1422643500000,8.21],
[1422644400000,8.18],
[1422646200000,8.34],
[1422647100000,8.3],
[1422878400000,8.41],
[1422879300000,8.39],
[1422880200000,8.47],
[1422881100000,8.39],
[1422882000000,8.34],
[1422882900000,8.28],
[1422883800000,8.3],
[1422884700000,8.25],
[1422885600000,8.2],
[1422886500000,8.26],
[1422887400000,8.32],
[1422888300000,8.44],
[1422889200000,8.43],
[1422890100000,8.51],
[1422891000000,8.51],
[1422891900000,8.43],
[1422892800000,8.41],
[1422893700000,8.47],
[1422894600000,8.47],
[1422895500000,8.5],
[1422896400000,8.47],
[1422897300000,8.52],
[1422898200000,8.56],
[1422899100000,8.58],
[1422900000000,8.66],
[1422900900000,8.64],
[1422901800000,8.65],
[1422902700000,8.67],
[1422903600000,8.66],
[1422905400000,8.74],
[1422906300000,8.79],
[1422964800000,9.1],
[1422965700000,9.08],
[1422966600000,9.09],
[1422967500000,9.12],
[1422968400000,9.14],
[1422969300000,9.38],
[1422970200000,9.41],
[1422971100000,9.43],
[1422972000000,9.39],
[1422972900000,9.37],
[1422973800000,9.43],
[1422974700000,9.5],
[1422975600000,9.46],
[1422976500000,9.46],
[1422977400000,9.54],
[1422978300000,9.69],
[1422979200000,9.71],
[1422980100000,9.77],
[1422981000000,9.91],
[1422981900000,9.84],
[1422982800000,9.78],
[1422983700000,9.8],
[1422984600000,9.81],
[1422985500000,9.6],
[1422986400000,9.71],
[1422987300000,9.75],
[1422988200000,9.9],
[1422990000000,10],
[1422991800000,9.97],
[1422992700000,9.97],
[1423051200000,10.25],
[1423052100000,10.69],
[1423053000000,10.63],
[1423053900000,10.59],
[1423054800000,10.43],
[1423055700000,10.13],
[1423056600000,10.11],
[1423057500000,10.11],
[1423058400000,10.08],
[1423059300000,9.8],
[1423060200000,9.88],
[1423061100000,9.98],
[1423062000000,9.97],
[1423062900000,10.09],
[1423063800000,10.23],
[1423064700000,10.14],
[1423065600000,10.1],
[1423066500000,10.19],
[1423067400000,10.2],
[1423068300000,10.19],
[1423069200000,10.33],
[1423070100000,10.08],
[1423071000000,10.09],
[1423071900000,10.14],
[1423072800000,10.13],
[1423073700000,10.15],
[1423074600000,10.07],
[1423075500000,10.06],
[1423076400000,10.02],
[1423078200000,10.04],
[1423079100000,10.02],
[1423137600000,10],
[1423138500000,10],
[1423139400000,9.94],
[1423140300000,9.94],
[1423141200000,9.95],
[1423142100000,9.94],
[1423143000000,9.84],
[1423143900000,9.93],
[1423144800000,9.96],
[1423145700000,9.89],
[1423146600000,9.97],
[1423147500000,9.97],
[1423148400000,10.07],
[1423149300000,10.2],
[1423150200000,10.18],
[1423151100000,10.21],
[1423152000000,10.18],
[1423152900000,10.21],
[1423153800000,10.16],
[1423154700000,10.18],
[1423155600000,10.15],
[1423156500000,10.09],
[1423157400000,10.05],
[1423158300000,10.08],
[1423159200000,9.91],
[1423160100000,9.94],
[1423161000000,9.9],
[1423161900000,9.87],
[1423162800000,9.8],
[1423164600000,9.83],
[1423165500000,9.83],
[1423224000000,9.62],
[1423224900000,9.21],
[1423225800000,9.16],
[1423226700000,9.2],
[1423227600000,9.12],
[1423228500000,9.12],
[1423229400000,9.12],
[1423230300000,9.18],
[1423231200000,9.25],
[1423232100000,9.25],
[1423233000000,9.32],
[1423233900000,9.28],
[1423234800000,9.16],
[1423235700000,9.12],
[1423236600000,9.05],
[1423237500000,9],
[1423238400000,9.03],
[1423239300000,9.02],
[1423240200000,9.06],
[1423241100000,9.05],
[1423242000000,9.05],
[1423242900000,9.03],
[1423244700000,8.94],
[1423245600000,8.95],
[1423246500000,8.98],
[1423247400000,9.01],
[1423248300000,9.04],
[1423249200000,9.12],
[1423251000000,9.08],
[1423251900000,9.09],
[1423483200000,8.86],
[1423484100000,8.75],
[1423485000000,8.75],
[1423485900000,8.96],
[1423486800000,8.91],
[1423487700000,8.94],
[1423488600000,8.92],
[1423489500000,8.9],
[1423490400000,8.89],
[1423491300000,8.91],
[1423492200000,9.08],
[1423493100000,9.06],
[1423494000000,9.1],
[1423494900000,9.36],
[1423495800000,9.38],
[1423496700000,9.31],
[1423497600000,9.34],
[1423498500000,9.25],
[1423499400000,9.2],
[1423500300000,9.24],
[1423501200000,9.27],
[1423502100000,9.27],
[1423503000000,9.35],
[1423503900000,9.24],
[1423504800000,9.24],
[1423505700000,9.22],
[1423506600000,9.27],
[1423507500000,9.26],
[1423508400000,9.28],
[1423510200000,9.36],
[1423511100000,9.4],
[1423569600000,9.59],
[1423570500000,9.71],
[1423571400000,9.61],
[1423572300000,9.56],
[1423573200000,9.59],
[1423574100000,9.63],
[1423575000000,9.62],
[1423575900000,9.56],
[1423576800000,9.56],
[1423577700000,9.62],
[1423578600000,9.42],
[1423579500000,9.3],
[1423580400000,9.23],
[1423581300000,9.2],
[1423582200000,9.27],
[1423583100000,9.26],
[1423584000000,9.21],
[1423584900000,9.1],
[1423585800000,9.1],
[1423586700000,9.17],
[1423587600000,9.13],
[1423588500000,9.11],
[1423589400000,9.12],
[1423590300000,9.05],
[1423591200000,9.05],
[1423592100000,8.99],
[1423593000000,9.04],
[1423593900000,8.98],
[1423594800000,8.92],
[1423596600000,8.91],
[1423597500000,8.91],
[1423656000000,9.05],
[1423656900000,9.06],
[1423657800000,9.06],
[1423658700000,8.97],
[1423659600000,8.9],
[1423660500000,9.02],
[1423661400000,8.97],
[1423662300000,8.98],
[1423663200000,9.02],
[1423664100000,9.03],
[1423665000000,8.93],
[1423665900000,8.91],
[1423666800000,8.86],
[1423667700000,8.88],
[1423668600000,8.88],
[1423669500000,8.92],
[1423670400000,8.9],
[1423671300000,8.87],
[1423672200000,8.86],
[1423673100000,8.96],
[1423674000000,9.02],
[1423674900000,8.96],
[1423675800000,8.93],
[1423676700000,8.94],
[1423677600000,8.89],
[1423678500000,8.93],
[1423679400000,8.94],
[1423680300000,8.96],
[1423681200000,9.03],
[1423683000000,9.09],
[1423683900000,9.08],
[1423742400000,9.39],
[1423743300000,9.3],
[1423744200000,9.36],
[1423745100000,9.36],
[1423746000000,9.4],
[1423746900000,9.37],
[1423747800000,9.43],
[1423748700000,9.39],
[1423749600000,9.39],
[1423750500000,9.44],
[1423751400000,9.43],
[1423752300000,9.46],
[1423753200000,9.45],
[1423754100000,9.43],
[1423755000000,9.44],
[1423755900000,9.43],
[1423756800000,9.43],
[1423757700000,9.42],
[1423758600000,9.41],
[1423759500000,9.43],
[1423760400000,9.42],
[1423761300000,9.47],
[1423762200000,9.45],
[1423763100000,9.41],
[1423764000000,9.48],
[1423764900000,9.51],
[1423765800000,9.52],
[1423766700000,9.48],
[1423767600000,9.5],
[1423769400000,9.43],
[1423770300000,9.45],
[1423828800000,9.69],
[1423829700000,9.73],
[1423830600000,9.76],
[1423831500000,9.79],
[1423832400000,9.82],
[1423833300000,9.79],
[1423834200000,9.81],
[1423835100000,9.81],
[1423836000000,9.84],
[1423836900000,9.83],
[1423837800000,10.03],
[1423838700000,10],
[1423839600000,10],
[1423840500000,9.94],
[1423841400000,9.99],
[1423842300000,9.98],
[1423843200000,9.98],
[1423844100000,9.98],
[1423845000000,10.04],
[1423845900000,10],
[1423846800000,9.96],
[1423847700000,9.99],
[1423848600000,10.01],
[1423849500000,10.01],
[1423850400000,10.02],
[1423851300000,10.02],
[1423852200000,9.97],
[1423853100000,9.95],
[1423854000000,9.99],
[1423855800000,10],
[1423856700000,10.03],
[1424271600000,10.26],
[1424272500000,10.27],
[1424273400000,10.2],
[1424274300000,10.28],
[1424275200000,10.28],
[1424276100000,10.32],
[1424277000000,10.25],
[1424277900000,10.2],
[1424278800000,10.16],
[1424279700000,10.14],
[1424280600000,10.18],
[1424281500000,10.15],
[1424282400000,10.09],
[1424283300000,10.07],
[1424284200000,10.08],
[1424285100000,10.12],
[1424286000000,10.12],
[1424287800000,10.05],
[1424288700000,10.04],
[1424347200000,9.91],
[1424348100000,9.86],
[1424349000000,9.83],
[1424349900000,9.77],
[1424350800000,9.74],
[1424351700000,9.76],
[1424352600000,9.76],
[1424353500000,9.75],
[1424354400000,9.77],
[1424355300000,9.74],
[1424356200000,9.69],
[1424357100000,9.72],
[1424358000000,9.77],
[1424358900000,9.72],
[1424359800000,9.74],
[1424360700000,9.75],
[1424361600000,9.79],
[1424362500000,9.8],
[1424363400000,9.88],
[1424364300000,9.83],
[1424365200000,9.84],
[1424366100000,9.81],
[1424367000000,9.76],
[1424367900000,9.8],
[1424368800000,9.77],
[1424369700000,9.78],
[1424370600000,9.79],
[1424371500000,9.78],
[1424372400000,9.75],
[1424374200000,9.74],
[1424375100000,9.71],
[1424433600000,9.73],
[1424434500000,9.63],
[1424435400000,9.64],
[1424436300000,9.62],
[1424437200000,9.61],
[1424438100000,9.63],
[1424439000000,9.64],
[1424439900000,9.6],
[1424440800000,9.61],
[1424441700000,9.62],
[1424442600000,9.61],
[1424443500000,9.62],
[1424444400000,9.7],
[1424445300000,9.68],
[1424446200000,9.67],
[1424447100000,9.62],
[1424448000000,9.63],
[1424448900000,9.64],
[1424449800000,9.64],
[1424450700000,9.63],
[1424451600000,9.59],
[1424452500000,9.53],
[1424453400000,9.59],
[1424454300000,9.53],
[1424455200000,9.6],
[1424456100000,9.6],
[1424457000000,9.65],
[1424457900000,9.66],
[1424458800000,9.67],
[1424460600000,9.64],
[1424461500000,9.64],
[1424697300000,9.54],
[1424698200000,9.52],
[1424699100000,9.47],
[1424700000000,9.5],
[1424700900000,9.56],
[1424701800000,9.53],
[1424702700000,9.53],
[1424703600000,9.5],
[1424704500000,9.49],
[1424705400000,9.5],
[1424706300000,9.5],
[1424707200000,9.52],
[1424708100000,9.53],
[1424709000000,9.51],
[1424709900000,9.49],
[1424710800000,9.47],
[1424711700000,9.46],
[1424712600000,9.46],
[1424713500000,9.45],
[1424714400000,9.45],
[1424715300000,9.41],
[1424716200000,9.53],
[1424717100000,9.54],
[1424718000000,9.49],
[1424718900000,9.48],
[1424719800000,9.45],
[1424720700000,9.46],
[1424721600000,9.49],
[1424723400000,9.49],
[1424724300000,9.5],
[1424782800000,9.65],
[1424783700000,9.66],
[1424784600000,9.68],
[1424785500000,9.67],
[1424786400000,9.65],
[1424787300000,9.64],
[1424788200000,9.67],
[1424789100000,9.64],
[1424790000000,9.67],
[1424790900000,9.71],
[1424791800000,9.82],
[1424792700000,9.82],
[1424793600000,9.86],
[1424794500000,9.82],
[1424795400000,9.83],
[1424796300000,9.82],
[1424797200000,9.83],
[1424798100000,9.79],
[1424799000000,9.74],
[1424799900000,9.78],
[1424800800000,9.77],
[1424801700000,9.77],
[1424802600000,9.77],
[1424803500000,9.74],
[1424804400000,9.74],
[1424805300000,9.78],
[1424806200000,9.8],
[1424807100000,9.81],
[1424808000000,9.86],
[1424809800000,9.88],
[1424810700000,9.9],
[1424869200000,9.25],
[1424870100000,9.16],
[1424871000000,9.12],
[1424871900000,9.06],
[1424872800000,9.08],
[1424873700000,9.12],
[1424874600000,9.13],
[1424875500000,9.15],
[1424876400000,9.19],
[1424877300000,9.19],
[1424878200000,9.17],
[1424879100000,9.15],
[1424880000000,9.19],
[1424880900000,9.2],
[1424881800000,9.25],
[1424882700000,9.21],
[1424883600000,9.25],
[1424884500000,9.25],
[1424885400000,9.23],
[1424886300000,9.22],
[1424887200000,9.24],
[1424888100000,9.19],
[1424889000000,9.25],
[1424889900000,9.27],
[1424890800000,9.32],
[1424891700000,9.37],
[1424892600000,9.36],
[1424893500000,9.35],
[1424894400000,9.38],
[1424896200000,9.39],
[1424897100000,9.4],
[1424955600000,9.42],
[1424956500000,9.44],
[1424957400000,9.34],
[1424958300000,9.35],
[1424959200000,9.33],
[1424960100000,9.29],
[1424961000000,9.27],
[1424961900000,9.22],
[1424962800000,9.28],
[1424963700000,9.24],
[1424964600000,9.18],
[1424965500000,9.24],
[1424966400000,9.22],
[1424967300000,9.25],
[1424968200000,9.25],
[1424969100000,9.24],
[1424970000000,9.26],
[1424970900000,9.28],
[1424971800000,9.26],
[1424972700000,9.24],
[1424973600000,9.24],
[1424974500000,9.2],
[1424975400000,9.2],
[1424976300000,9.2],
[1424977200000,9.23],
[1424978100000,9.18],
[1424979000000,9.26],
[1424979900000,9.31],
[1424980800000,9.27],
[1424982600000,9.23],
[1424983500000,9.23],
[1425042000000,9.16],
[1425042900000,9.21],
[1425043800000,9.32],
[1425044700000,9.36],
[1425045600000,9.32],
[1425046500000,9.32],
[1425047400000,9.36],
[1425048300000,9.36],
[1425049200000,9.37],
[1425050100000,9.37],
[1425051000000,9.48],
[1425051900000,9.52],
[1425052800000,9.64],
[1425053700000,9.54],
[1425054600000,9.58],
[1425055500000,9.57],
[1425056400000,9.61],
[1425057300000,9.58],
[1425058200000,9.61],
[1425059100000,9.61],
[1425060000000,9.58],
[1425060900000,9.54],
[1425061800000,9.5],
[1425062700000,9.5],
[1425063600000,9.47],
[1425064500000,9.59],
[1425065400000,9.51],
[1425066300000,9.58],
[1425067200000,9.57],
[1425069000000,9.58],
[1425069900000,9.55],
[1425301200000,9.62],
[1425302100000,9.68],
[1425303000000,9.68],
[1425303900000,9.65],
[1425304800000,9.66],
[1425305700000,9.63],
[1425306600000,9.47],
[1425307500000,9.33],
[1425308400000,9.3],
[1425309300000,9.39],
[1425310200000,9.34],
[1425311100000,9.43],
[1425312000000,9.38],
[1425312900000,9.44],
[1425313800000,9.38],
[1425314700000,9.39],
[1425315600000,9.38],
[1425316500000,9.39],
[1425317400000,9.39],
[1425318300000,9.38],
[1425319200000,9.37],
[1425320100000,9.37],
[1425321000000,9.41],
[1425321900000,9.42],
[1425322800000,9.42],
[1425323700000,9.39],
[1425324600000,9.4],
[1425325500000,9.4],
[1425326400000,9.4],
[1425328200000,9.42],
[1425329100000,9.42],
[1425387600000,9.68],
[1425388500000,9.74],
[1425389400000,9.7],
[1425390300000,9.71],
[1425391200000,9.73],
[1425392100000,9.73],
[1425393000000,9.7],
[1425393900000,9.72],
[1425394800000,9.69],
[1425395700000,9.65],
[1425396600000,9.64],
[1425397500000,9.56],
[1425398400000,9.53],
[1425399300000,9.56],
[1425400200000,9.57],
[1425401100000,9.59],
[1425402000000,9.6],
[1425402900000,9.63],
[1425403800000,9.59],
[1425404700000,9.6],
[1425405600000,9.62],
[1425406500000,9.68],
[1425407400000,9.65],
[1425408300000,9.64],
[1425409200000,9.62],
[1425410100000,9.58],
[1425411000000,9.62],
[1425411900000,9.61],
[1425412800000,9.6],
[1425414600000,9.58],
[1425415500000,9.57],
[1425474000000,9.36],
[1425474900000,9.37],
[1425475800000,9.39],
[1425476700000,9.4],
[1425477600000,9.38],
[1425478500000,9.43],
[1425479400000,9.36],
[1425480300000,9.37],
[1425481200000,9.36],
[1425482100000,9.34],
[1425483000000,9.34],
[1425483900000,9.31],
[1425484800000,9.33],
[1425485700000,9.31],
[1425486600000,9.31],
[1425487500000,9.28],
[1425488400000,9.29],
[1425489300000,9.29],
[1425490200000,9.32],
[1425491100000,9.32],
[1425492000000,9.32],
[1425492900000,9.32],
[1425493800000,9.32],
[1425494700000,9.31],
[1425495600000,9.28],
[1425496500000,9.26],
[1425497400000,9.27],
[1425498300000,9.27],
[1425499200000,9.21],
[1425501000000,9.27],
[1425501900000,9.27],
[1425560400000,9.33],
[1425561300000,9.34],
[1425562200000,9.32],
[1425563100000,9.28],
[1425564000000,9.25],
[1425564900000,9.24],
[1425565800000,9.18],
[1425566700000,9.22],
[1425567600000,9.2],
[1425568500000,9.23],
[1425569400000,9.22],
[1425570300000,9.2],
[1425571200000,9.2],
[1425572100000,9.23],
[1425573000000,9.21],
[1425573900000,9.19],
[1425574800000,9.2],
[1425575700000,9.17],
[1425576600000,9.19],
[1425577500000,9.2],
[1425578400000,9.22],
[1425579300000,9.21],
[1425580200000,9.18],
[1425581100000,9.21],
[1425582000000,9.21],
[1425582900000,9.24],
[1425583800000,9.27],
[1425584700000,9.26],
[1425585600000,9.28],
[1425587400000,9.24],
[1425588300000,9.24],
[1425646800000,9.27],
[1425647700000,9.32],
[1425648600000,9.25],
[1425649500000,9.22],
[1425650400000,9.24],
[1425651300000,9.22],
[1425652200000,9.28],
[1425653100000,9.26],
[1425654000000,9.28],
[1425654900000,9.32],
[1425655800000,9.3],
[1425656700000,9.25],
[1425657600000,9.27],
[1425658500000,9.28],
[1425659400000,9.27],
[1425660300000,9.26],
[1425661200000,9.26],
[1425662100000,9.24],
[1425663000000,9.27],
[1425663900000,9.26],
[1425664800000,9.27],
[1425665700000,9.25],
[1425666600000,9.24],
[1425667500000,9.25],
[1425668400000,9.24],
[1425669300000,9.25],
[1425670200000,9.22],
[1425671100000,9.2],
[1425672000000,9.24],
[1425673800000,9.24],
[1425674700000,9.25],
[1425906000000,9.1],
[1425906900000,9.09],
[1425907800000,9.12],
[1425908700000,9.12],
[1425909600000,9.08],
[1425910500000,9.11],
[1425911400000,9.17],
[1425912300000,9.12],
[1425913200000,9.17],
[1425914100000,9.18],
[1425915000000,9.14],
[1425915900000,9.15],
[1425916800000,9.12],
[1425917700000,9.13],
[1425918600000,9.14],
[1425919500000,9.12],
[1425920400000,9.12],
[1425921300000,9.1],
[1425922200000,9.12],
[1425923100000,9.08],
[1425924000000,9.07],
[1425924900000,9.03],
[1425925800000,9.01],
[1425926700000,8.97],
[1425927600000,8.95],
[1425928500000,8.97],
[1425929400000,8.92],
[1425930300000,8.95],
[1425931200000,8.91],
[1425933000000,8.93],
[1425933900000,8.92],
[1425992400000,8.85],
[1425993300000,8.91],
[1425994200000,8.75],
[1425995100000,8.73],
[1425996000000,8.6],
[1425996900000,8.57],
[1425997800000,8.76],
[1425998700000,8.7],
[1425999600000,8.78],
[1426000500000,8.84],
[1426001400000,8.75],
[1426002300000,8.7],
[1426003200000,8.7],
[1426004100000,8.71],
[1426005000000,8.7],
[1426005900000,8.66],
[1426006800000,8.68],
[1426007700000,8.63],
[1426008600000,8.62],
[1426009500000,8.59],
[1426010400000,8.54],
[1426011300000,8.51],
[1426012200000,8.55],
[1426013100000,8.54],
[1426014000000,8.58],
[1426014900000,8.56],
[1426015800000,8.54],
[1426016700000,8.54],
[1426017600000,8.55],
[1426019400000,8.55],
[1426020300000,8.52],
[1426078800000,8.68],
[1426079700000,8.63],
[1426080600000,8.62],
[1426081500000,8.62],
[1426082400000,8.65],
[1426083300000,8.7],
[1426084200000,8.66],
[1426085100000,8.68],
[1426086000000,8.67],
[1426086900000,8.71],
[1426087800000,8.65],
[1426088700000,8.66],
[1426089600000,8.66],
[1426090500000,8.67],
[1426091400000,8.71],
[1426092300000,8.77],
[1426093200000,8.77],
[1426094100000,8.78],
[1426095000000,8.79],
[1426095900000,8.8],
[1426096800000,8.8],
[1426097700000,8.79],
[1426098600000,8.77],
[1426099500000,8.78],
[1426100400000,8.76],
[1426101300000,8.73],
[1426102200000,8.78],
[1426103100000,8.8],
[1426104000000,8.79],
[1426105800000,8.77],
[1426106700000,8.74],
[1426165200000,8.92],
[1426166100000,8.89],
[1426167000000,8.98],
[1426167900000,9.05],
[1426168800000,9],
[1426169700000,8.98],
[1426170600000,8.95],
[1426171500000,8.96],
[1426172400000,8.85],
[1426173300000,8.89],
[1426174200000,8.87],
[1426175100000,8.86],
[1426176000000,8.82],
[1426176900000,8.79],
[1426177800000,8.73],
[1426178700000,8.71],
[1426179600000,8.63],
[1426180500000,8.61],
[1426181400000,8.65],
[1426182300000,8.61],
[1426183200000,8.54],
[1426184100000,8.52],
[1426185000000,8.47],
[1426185900000,8.48],
[1426186800000,8.5],
[1426187700000,8.48],
[1426188600000,8.49],
[1426189500000,8.5],
[1426190400000,8.5],
[1426192200000,8.49],
[1426193100000,8.47],
[1426251600000,8.29],
[1426252500000,8.3],
[1426253400000,8.25],
[1426254300000,8.28],
[1426255200000,8.27],
[1426256100000,8.29],
[1426257000000,8.24],
[1426257900000,8.24],
[1426258800000,8.24],
[1426259700000,8.27],
[1426260600000,8.24],
[1426261500000,8.26],
[1426262400000,8.3],
[1426263300000,8.32],
[1426264200000,8.3],
[1426265100000,8.28],
[1426266000000,8.31],
[1426266900000,8.31],
[1426267800000,8.34],
[1426268700000,8.32],
[1426269600000,8.3],
[1426270500000,8.28],
[1426271400000,8.3],
[1426272300000,8.27],
[1426273200000,8.26],
[1426274100000,8.26],
[1426275000000,8.26],
[1426275900000,8.3],
[1426276800000,8.3],
[1426278600000,8.32],
[1426279500000,8.34],
[1426510800000,8.45],
[1426511700000,8.39],
[1426512600000,8.28],
[1426513500000,8.34],
[1426514400000,8.33],
[1426515300000,8.27],
[1426516200000,8.3],
[1426517100000,8.28],
[1426518000000,8.23],
[1426518900000,8.23],
[1426519800000,8.21],
[1426520700000,8.21],
[1426521600000,8.26],
[1426522500000,8.21],
[1426523400000,8.27],
[1426524300000,8.29],
[1426525200000,8.27],
[1426526100000,8.29],
[1426527000000,8.3],
[1426527900000,8.29],
[1426528800000,8.29],
[1426529700000,8.32],
[1426530600000,8.36],
[1426531500000,8.41],
[1426532400000,8.45],
[1426533300000,8.44],
[1426534200000,8.48],
[1426535100000,8.47],
[1426536000000,8.46],
[1426537800000,8.43],
[1426538700000,8.39],
[1426597200000,8.39],
[1426598100000,8.44],
[1426599000000,8.49],
[1426599900000,8.54],
[1426600800000,8.52],
[1426601700000,8.5],
[1426602600000,8.48],
[1426603500000,8.48],
[1426604400000,8.5],
[1426605300000,8.5],
[1426606200000,8.52],
[1426607100000,8.53],
[1426608000000,8.56],
[1426608900000,8.57],
[1426609800000,8.67],
[1426610700000,8.76],
[1426611600000,8.76],
[1426612500000,8.77],
[1426613400000,8.83],
[1426614300000,8.86],
[1426615200000,8.82],
[1426616100000,8.87],
[1426617000000,8.89],
[1426617900000,8.85],
[1426618800000,8.85],
[1426619700000,8.87],
[1426620600000,8.89],
[1426621500000,8.92],
[1426622400000,8.89],
[1426624200000,8.88],
[1426625100000,8.86],
[1426683600000,8.72],
[1426684500000,8.71],
[1426685400000,8.71],
[1426686300000,8.82],
[1426687200000,8.94],
[1426688100000,8.95],
[1426689000000,8.99],
[1426689900000,9.05],
[1426690800000,9],
[1426691700000,9.03],
[1426692600000,9.18],
[1426693500000,9.18],
[1426694400000,9.16],
[1426695300000,9.19],
[1426696200000,9.2],
[1426697100000,9.24],
[1426698000000,9.23],
[1426698900000,9.17],
[1426699800000,9.11],
[1426700700000,9.18],
[1426701600000,9.12],
[1426702500000,9.22],
[1426703400000,9.22],
[1426704300000,9.24],
[1426705200000,9.25],
[1426706100000,9.25],
[1426707000000,9.25],
[1426707900000,9.26],
[1426708800000,9.27],
[1426710600000,9.25],
[1426711500000,9.2],
[1426770000000,9.14],
[1426770900000,9.14],
[1426771800000,9.12],
[1426772700000,9.1],
[1426773600000,9.12],
[1426774500000,9.13],
[1426775400000,9.13],
[1426776300000,9.1],
[1426777200000,9.12],
[1426778100000,9.14],
[1426779000000,9.1],
[1426779900000,9.11],
[1426780800000,9.07],
[1426781700000,9.04],
[1426782600000,9.04],
[1426783500000,8.99],
[1426784400000,8.98],
[1426785300000,8.97],
[1426786200000,8.97],
[1426787100000,8.93],
[1426788000000,8.92],
[1426788900000,8.88],
[1426789800000,8.93],
[1426790700000,8.92],
[1426791600000,8.96],
[1426792500000,8.93],
[1426793400000,8.89],
[1426794300000,8.91],
[1426795200000,8.9],
[1426797000000,8.9],
[1426797900000,8.92],
[1426856400000,9.13],
[1426857300000,9.1],
[1426858200000,9.12],
[1426859100000,9.14],
[1426860000000,9.06],
[1426860900000,9.03],
[1426861800000,9.01],
[1426862700000,9],
[1426863600000,9.08],
[1426864500000,9.09],
[1426865400000,9.1],
[1426866300000,9.13],
[1426867200000,9.14],
[1426868100000,9.12],
[1426869000000,9.14],
[1426869900000,9.14],
[1426870800000,9.13],
[1426871700000,9.12],
[1426872600000,9.13],
[1426873500000,9.08],
[1426874400000,9.09],
[1426875300000,9.15],
[1426876200000,9.16],
[1426877100000,9.19],
[1426878000000,9.26],
[1426878900000,9.23],
[1426879800000,9.2],
[1426880700000,9.19],
[1426881600000,9.35],
[1426883400000,9.25],
[1426884300000,9.22],
]